2020-03-15,100,3,80
2020-03-15,101,1,80
2020-03-15,102,3,90
2020-03-15,103,2,20
2020-03-15,104,1,80
2020-03-15,105,2,80
2020-03-15,106,2,15
2020-03-15,107,0,20
2020-03-15,108,2,50
2020-03-15,109,3,20
2020-03-15,110,2,90
2020-03-15,111,3,90
2020-03-15,112,1,10
2020-03-15,113,1,15
2020-03-15,114,3,90
2020-03-15,115,2,90
2020-03-15,116,0,50
2020-03-15,117,2,20
2020-03-15,118,3,50
2020-03-15,119,0,15
2020-03-15,120,1,90
2020-03-15,121,2,90
2020-03-15,122,1,80
2020-03-15,123,3,20
2020-03-15,124,1,80
2020-03-15,125,3,90
2020-03-15,126,1,20
2020-03-15,127,1,90
2020-03-15,128,2,90
2020-03-15,129,2,10
2020-03-15,130,3,10
2020-03-15,131,1,15
2020-03-15,132,3,10
2020-03-15,133,3,90
2020-03-15,134,0,80
2020-03-15,135,0,10
2020-03-15,136,0,15
2020-03-15,137,1,80
2020-03-15,138,2,10
2020-03-15,139,2,90
2020-03-15,140,3,50
2020-03-15,141,3,10
2020-03-15,142,3,50
2020-03-15,143,1,20
2020-03-15,144,3,15
2020-03-15,145,0,15
2020-03-15,146,2,50
2020-03-15,147,1,50
2020-03-15,148,2,20
2020-03-15,149,2,15
2020-03-15,150,2,50
2020-03-15,151,2,15
2020-03-15,152,0,90
2020-03-15,153,3,90
2020-03-15,154,3,80
2020-03-15,155,3,80
2020-03-15,156,1,15
2020-03-15,157,0,20
2020-03-15,158,3,10
2020-03-15,159,0,15
2020-03-15,160,0,10
2020-03-15,161,3,90
2020-03-15,162,0,80
2020-03-15,163,0,90
2020-03-15,164,0,10
2020-03-15,165,1,80
2020-03-15,166,0,50
2020-03-15,167,3,20
2020-03-15,168,2,15
2020-03-15,169,1,90
2020-03-15,170,3,50
2020-03-15,171,2,15
2020-03-15,172,0,80
2020-03-15,173,1,10
2020-03-15,174,1,10
2020-03-15,175,2,80
2020-03-15,176,1,90
2020-03-15,177,3,10
2020-03-15,178,0,10
2020-03-15,179,2,10
2020-03-15,180,2,10
2020-03-15,181,3,10
2020-03-15,182,0,10
2020-03-15,183,3,50
2020-03-15,184,2,15
2020-03-15,185,0,80
2020-03-15,186,3,10
2020-03-15,187,0,10
2020-03-15,188,1,80
2020-03-15,189,2,50
2020-03-15,190,2,20
2020-03-15,191,2,90
2020-03-15,192,1,20
2020-03-15,193,2,20
2020-03-15,194,1,10
2020-03-15,195,3,50
2020-03-15,196,3,15
2020-03-15,197,3,80
2020-03-15,198,0,90
2020-03-15,199,0,80
2020-03-15,200,0,10
2020-03-15,201,3,90
2020-03-15,202,0,10
2020-03-15,203,0,15
2020-03-15,204,1,90
2020-03-15,205,2,20
2020-03-15,206,1,15
2020-03-15,207,2,50
2020-03-15,208,2,90
2020-03-15,209,3,80
2020-03-15,210,0,90
2020-03-15,211,0,90
2020-03-15,212,1,10
2020-03-15,213,1,15
2020-03-15,214,2,80
2020-03-15,215,2,90
2020-03-15,216,3,15
2020-03-15,217,1,50
2020-03-15,218,2,15
2020-03-15,219,3,10
2020-03-15,220,0,20
2020-03-15,221,0,20
2020-03-15,222,3,50
2020-03-15,223,2,80
2020-03-15,224,1,15
2020-03-15,225,2,80
2020-03-15,226,3,90
2020-03-15,227,1,10
2020-03-15,228,3,15
2020-03-15,229,3,50
2020-03-15,230,1,20
2020-03-15,231,3,20
2020-03-15,232,2,10
2020-03-15,233,1,50
2020-03-15,234,3,15
2020-03-15,235,3,15
2020-03-15,236,2,80
2020-03-15,237,1,15
2020-03-15,238,2,80
2020-03-15,239,2,80
2020-03-15,240,3,20
2020-03-15,241,0,10
2020-03-15,242,3,20
2020-03-15,243,3,50
2020-03-15,244,2,10
2020-03-15,245,2,20
2020-03-15,246,3,90
2020-03-15,247,2,90
2020-03-15,248,2,15
2020-03-15,249,0,90
2020-03-15,250,1,10
2020-03-15,251,0,20
2020-03-15,252,0,20
2020-03-15,253,2,90
2020-03-15,254,2,10
2020-03-15,255,3,10
2020-03-15,256,1,20
2020-03-15,257,2,50
2020-03-15,258,1,50
2020-03-15,259,2,80
2020-03-15,260,0,80
2020-03-15,261,1,15
2020-03-15,262,1,50
2020-03-15,263,2,50
2020-03-15,264,2,90
2020-03-15,265,1,15
2020-03-15,266,1,20
2020-03-15,267,3,20
2020-03-15,268,2,80
2020-03-15,269,1,10
2020-03-15,270,2,80
2020-03-15,271,1,10
2020-03-15,272,2,20
2020-03-15,273,0,50
2020-03-15,274,3,90
2020-03-15,275,2,15
2020-03-15,276,3,10
2020-03-15,277,0,10
2020-03-15,278,2,80
2020-03-15,279,1,50
2020-03-15,280,1,10
2020-03-15,281,1,90
2020-03-15,282,1,90
2020-03-15,283,1,90
2020-03-15,284,0,15
2020-03-15,285,0,90
2020-03-15,286,3,20
2020-03-15,287,0,20
2020-03-15,288,1,50
2020-03-15,289,2,10
2020-03-15,290,0,80
2020-03-15,291,2,90
2020-03-15,292,3,50
2020-03-15,293,1,90
2020-03-15,294,0,10
2020-03-15,295,1,10
2020-03-15,296,0,80
2020-03-15,297,2,80
2020-03-15,298,1,80
2020-03-15,299,0,15
2020-03-15,300,2,10
2020-03-15,301,3,15
2020-03-15,302,1,50
2020-03-15,303,2,10
2020-03-15,304,2,90
2020-03-15,305,3,80
2020-03-15,306,2,20
2020-03-15,307,0,90
2020-03-15,308,2,10
2020-03-15,309,2,20
2020-03-15,310,3,10
2020-03-15,311,3,80
2020-03-15,312,1,90
2020-03-15,313,2,15
2020-03-15,314,1,20
2020-03-15,315,3,90
2020-03-15,316,2,15
2020-03-15,317,0,10
2020-03-15,318,2,20
2020-03-15,319,1,90
2020-03-15,320,3,15
2020-03-15,321,3,10
2020-03-15,322,2,50
2020-03-15,323,3,20
2020-03-15,324,1,20
2020-03-15,325,0,15
2020-03-15,326,3,10
2020-03-15,327,2,15
2020-03-15,328,2,90
2020-03-15,329,3,10
2020-03-15,330,0,80
2020-03-15,331,1,10
2020-03-15,332,3,90
2020-03-15,333,2,80
2020-03-15,334,1,50
2020-03-15,335,3,50
2020-03-15,336,0,50
2020-03-15,337,2,50
2020-03-15,338,2,90
2020-03-15,339,1,20
2020-03-15,340,0,90
2020-03-15,341,3,80
2020-03-15,342,2,90
2020-03-15,343,3,80
2020-03-15,344,3,90
2020-03-15,345,3,80
2020-03-15,346,0,50
2020-03-15,347,0,80
2020-03-15,348,0,15
2020-03-15,349,2,20
2020-03-15,350,3,15
2020-03-15,351,0,80
2020-03-15,352,1,50
2020-03-15,353,3,50
2020-03-15,354,0,90
2020-03-15,355,1,20
2020-03-15,356,3,15
2020-03-15,357,0,20
2020-03-15,358,0,80
2020-03-15,359,1,10
2020-03-15,360,1,20
2020-03-15,361,1,15
2020-03-15,362,1,50
2020-03-15,363,3,20
2020-03-15,364,3,90
2020-03-15,365,1,90
2020-03-15,366,2,20
2020-03-15,367,0,50
2020-03-15,368,2,90
2020-03-15,369,2,80
2020-03-15,370,3,80
2020-03-15,371,1,10
2020-03-15,372,3,80
2020-03-15,373,3,80
2020-03-15,374,2,50
2020-03-15,375,0,80
2020-03-15,376,0,50
2020-03-15,377,2,90
2020-03-15,378,0,50
2020-03-15,379,3,80
2020-03-15,380,0,15
2020-03-15,381,2,20
2020-03-15,382,3,50
2020-03-15,383,2,80
2020-03-15,384,3,15
2020-03-15,385,1,50
2020-03-15,386,0,15
2020-03-15,387,1,90
2020-03-15,388,2,20
2020-03-15,389,2,80
2020-03-15,390,0,15
2020-03-15,391,0,80
2020-03-15,392,3,50
2020-03-15,393,0,90
2020-03-15,394,0,10
2020-03-15,395,2,80
2020-03-15,396,3,80
2020-03-15,397,3,80
2020-03-15,398,1,15
2020-03-15,399,2,20
2020-03-15,400,0,15
2020-03-15,401,0,10
2020-03-15,402,2,50
2020-03-15,403,3,50
2020-03-15,404,2,80
2020-03-15,405,0,10
2020-03-15,406,1,15
2020-03-15,407,3,90
2020-03-15,408,2,90
2020-03-15,409,0,80
2020-03-15,410,3,20
2020-03-15,411,2,20
2020-03-15,412,2,80
2020-03-15,413,3,90
2020-03-15,414,0,80
2020-03-15,415,1,10
2020-03-15,416,1,80
2020-03-15,417,0,80
2020-03-15,418,1,10
2020-03-15,419,1,80
2020-03-15,420,2,20
2020-03-15,421,3,20
2020-03-15,422,3,90
2020-03-15,423,3,20
2020-03-15,424,3,10
2020-03-15,425,2,50
2020-03-15,426,2,15
2020-03-15,427,2,10
2020-03-15,428,1,10
2020-03-15,429,3,10
2020-03-15,430,1,90
2020-03-15,431,1,15
2020-03-15,432,0,15
2020-03-15,433,1,20
2020-03-15,434,1,20
2020-03-15,435,0,90
2020-03-15,436,1,15
2020-03-15,437,1,10
2020-03-15,438,3,20
2020-03-15,439,0,15
2020-03-15,440,0,50
2020-03-15,441,2,15
2020-03-15,442,1,15
2020-03-15,443,3,90
2020-03-15,444,0,10
2020-03-15,445,1,10
2020-03-15,446,1,80
2020-03-15,447,0,10
2020-03-15,448,3,15
2020-03-15,449,0,15
2020-03-15,450,0,80
2020-03-15,451,2,80
2020-03-15,452,2,15
2020-03-15,453,1,15
2020-03-15,454,3,80
2020-03-15,455,0,80
2020-03-15,456,2,15
2020-03-15,457,2,10
2020-03-15,458,3,90
2020-03-15,459,3,80
2020-03-15,460,2,80
2020-03-15,461,0,10
2020-03-15,462,2,10
2020-03-15,463,1,10
2020-03-15,464,2,20
2020-03-15,465,3,90
2020-03-15,466,0,50
2020-03-15,467,0,80
2020-03-15,468,3,50
2020-03-15,469,3,90
2020-03-15,470,2,20
2020-03-15,471,2,10
2020-03-15,472,3,15
2020-03-15,473,1,80
2020-03-15,474,2,15
2020-03-15,475,3,10
2020-03-15,476,2,80
2020-03-15,477,3,15
2020-03-15,478,3,20
2020-03-15,479,3,10
2020-03-15,480,1,80
2020-03-15,481,2,90
2020-03-15,482,2,15
2020-03-15,483,1,50
2020-03-15,484,1,90
2020-03-15,485,2,80
2020-03-15,486,0,15
2020-03-15,487,0,80
2020-03-15,488,2,10
2020-03-15,489,2,90
2020-03-15,490,2,80
2020-03-15,491,2,15
2020-03-15,492,2,80
2020-03-15,493,3,20
2020-03-15,494,0,10
2020-03-15,495,0,15
2020-03-15,496,1,15
2020-03-15,497,1,10
2020-03-15,498,1,10
2020-03-15,499,2,50
2020-03-15,500,3,50
2020-03-15,501,0,50
2020-03-15,502,1,10
2020-03-15,503,3,80
2020-03-15,504,1,50
2020-03-15,505,2,50
2020-03-15,506,0,15
2020-03-15,507,1,20
2020-03-15,508,0,50
2020-03-15,509,1,20
2020-03-15,510,0,20
2020-03-15,511,2,50
2020-03-15,512,3,90
2020-03-15,513,0,20
2020-03-15,514,3,50
2020-03-15,515,0,10
2020-03-15,516,2,10
2020-03-15,517,0,20
2020-03-15,518,1,10
2020-03-15,519,0,10
2020-03-15,520,1,15
2020-03-15,521,3,15
2020-03-15,522,3,10
2020-03-15,523,0,20
2020-03-15,524,2,90
2020-03-15,525,1,20
2020-03-15,526,1,80
2020-03-15,527,0,50
2020-03-15,528,1,10
2020-03-15,529,2,15
2020-03-15,530,0,15
2020-03-15,531,0,10
2020-03-15,532,0,50
2020-03-15,533,3,50
2020-03-15,534,2,80
2020-03-15,535,2,80
2020-03-15,536,3,90
2020-03-15,537,2,50
2020-03-15,538,3,80
2020-03-15,539,1,90
2020-03-15,540,0,90
2020-03-15,541,3,15
2020-03-15,542,1,90
2020-03-15,543,2,80
2020-03-15,544,1,80
2020-03-15,545,3,50
2020-03-15,546,1,15
2020-03-15,547,0,10
2020-03-15,548,0,10
2020-03-15,549,2,10
2020-03-15,550,2,20
2020-03-15,551,0,10
2020-03-15,552,2,80
2020-03-15,553,2,80
2020-03-15,554,0,15
2020-03-15,555,3,80
2020-03-15,556,0,80
2020-03-15,557,3,80
2020-03-15,558,3,80
2020-03-15,559,2,10
2020-03-15,560,0,10
2020-03-15,561,1,10
2020-03-15,562,3,50
2020-03-15,563,2,15
2020-03-15,564,2,20
2020-03-15,565,0,15
2020-03-15,566,1,10
2020-03-15,567,0,90
2020-03-15,568,2,80
2020-03-15,569,3,50
2020-03-15,570,1,15
2020-03-15,571,2,90
2020-03-15,572,0,20
2020-03-15,573,1,20
2020-03-15,574,1,10
2020-03-15,575,0,50
2020-03-15,576,0,50
2020-03-15,577,2,20
2020-03-15,578,3,50
2020-03-15,579,0,50
2020-03-15,580,1,90
2020-03-15,581,1,20
2020-03-15,582,2,90
2020-03-15,583,2,20
2020-03-15,584,2,50
2020-03-15,585,1,20
2020-03-15,586,1,15
2020-03-15,587,2,15
2020-03-15,588,1,80
2020-03-15,589,0,15
2020-03-15,590,2,10
2020-03-15,591,0,20
2020-03-15,592,0,10
2020-03-15,593,3,50
2020-03-15,594,2,90
2020-03-15,595,1,90
2020-03-15,596,3,80
2020-03-15,597,1,15
2020-03-15,598,2,80
2020-03-15,599,1,20
2020-03-15,600,1,80
2020-03-15,601,0,90
2020-03-15,602,3,15
2020-03-15,603,0,90
2020-03-15,604,1,20
2020-03-15,605,1,10
2020-03-15,606,2,15
2020-03-15,607,3,10
2020-03-15,608,1,80
2020-03-15,609,0,50
2020-03-15,610,0,80
2020-03-15,611,1,80
2020-03-15,612,1,90
2020-03-15,613,2,20
2020-03-15,614,1,20
2020-03-15,615,3,90
2020-03-15,616,2,10
2020-03-15,617,1,15
2020-03-15,618,3,90
2020-03-15,619,0,50
2020-03-15,620,0,10
2020-03-15,621,3,15
2020-03-15,622,1,90
2020-03-15,623,1,50
2020-03-15,624,0,10
2020-03-15,625,3,15
2020-03-15,626,2,20
2020-03-15,627,0,50
2020-03-15,628,1,90
2020-03-15,629,0,15
2020-03-15,630,0,20
2020-03-15,631,3,80
2020-03-15,632,2,15
2020-03-15,633,2,90
2020-03-15,634,0,50
2020-03-15,635,2,10
2020-03-15,636,1,15
2020-03-15,637,2,50
2020-03-15,638,1,15
2020-03-15,639,3,50
2020-03-15,640,3,20
2020-03-15,641,1,15
2020-03-15,642,0,20
2020-03-15,643,0,80
2020-03-15,644,3,15
2020-03-15,645,3,10
2020-03-15,646,2,50
2020-03-15,647,0,80
2020-03-15,648,1,20
2020-03-15,649,2,20
2020-03-15,650,1,20
2020-03-15,651,3,20
2020-03-15,652,1,50
2020-03-15,653,2,10
2020-03-15,654,1,90
2020-03-15,655,0,80
2020-03-15,656,1,80
2020-03-15,657,0,90
2020-03-15,658,3,20
2020-03-15,659,2,20
2020-03-15,660,1,90
2020-03-15,661,2,15
2020-03-15,662,3,80
2020-03-15,663,1,90
2020-03-15,664,3,10
2020-03-15,665,2,15
2020-03-15,666,1,80
2020-03-15,667,3,10
2020-03-15,668,3,15
2020-03-15,669,2,15
2020-03-15,670,0,80
2020-03-15,671,3,20
2020-03-15,672,1,15
2020-03-15,673,0,15
2020-03-15,674,1,20
2020-03-15,675,2,10
2020-03-15,676,2,10
2020-03-15,677,3,15
2020-03-15,678,2,15
2020-03-15,679,1,10
2020-03-15,680,3,80
2020-03-15,681,2,15
2020-03-15,682,1,50
2020-03-15,683,1,90
2020-03-15,684,1,80
2020-03-15,685,0,15
2020-03-15,686,1,10
2020-03-15,687,0,10
2020-03-15,688,0,50
2020-03-15,689,0,20
2020-03-15,690,2,50
2020-03-15,691,1,90
2020-03-15,692,2,80
2020-03-15,693,2,90
2020-03-15,694,1,50
2020-03-15,695,0,15
2020-03-15,696,1,90
2020-03-15,697,3,90
2020-03-15,698,0,10
2020-03-15,699,1,10
2020-03-15,700,3,50
2020-03-15,701,0,90
2020-03-15,702,2,50
2020-03-15,703,2,50
2020-03-15,704,0,90
2020-03-15,705,1,10
2020-03-15,706,1,80
2020-03-15,707,3,90
2020-03-15,708,2,15
2020-03-15,709,2,20
2020-03-15,710,0,20
2020-03-15,711,0,80
2020-03-15,712,0,80
2020-03-15,713,1,15
2020-03-15,714,2,50
2020-03-15,715,1,20
2020-03-15,716,0,15
2020-03-15,717,3,10
2020-03-15,718,3,80
2020-03-15,719,3,20
2020-03-15,720,1,80
2020-03-15,721,2,90
2020-03-15,722,3,10
2020-03-15,723,3,20
2020-03-15,724,1,20
2020-03-15,725,3,90
2020-03-15,726,3,10
2020-03-15,727,1,10
2020-03-15,728,2,80
2020-03-15,729,3,20
2020-03-15,730,1,80
2020-03-15,731,0,20
2020-03-15,732,3,80
2020-03-15,733,1,10
2020-03-15,734,3,20
2020-03-15,735,0,20
2020-03-15,736,1,90
2020-03-15,737,2,50
2020-03-15,738,2,50
2020-03-15,739,2,15
2020-03-15,740,0,20
2020-03-15,741,2,20
2020-03-15,742,1,15
2020-03-15,743,3,90
2020-03-15,744,2,20
2020-03-15,745,1,50
2020-03-15,746,1,90
2020-03-15,747,1,15
2020-03-15,748,2,10
2020-03-15,749,3,50
2020-03-15,750,3,80
2020-03-15,751,0,20
2020-03-15,752,2,90
2020-03-15,753,2,15
2020-03-15,754,2,50
2020-03-15,755,2,50
2020-03-15,756,2,20
2020-03-15,757,1,50
2020-03-15,758,2,50
2020-03-15,759,0,10
2020-03-15,760,3,90
2020-03-15,761,1,15
2020-03-15,762,2,15
2020-03-15,763,0,20
2020-03-15,764,3,15
2020-03-15,765,2,10
2020-03-15,766,1,15
2020-03-15,767,1,90
2020-03-15,768,3,20
2020-03-15,769,0,80
2020-03-15,770,2,90
2020-03-15,771,2,20
2020-03-15,772,1,15
2020-03-15,773,3,15
2020-03-15,774,0,20
2020-03-15,775,1,20
2020-03-15,776,3,20
2020-03-15,777,2,80
2020-03-15,778,0,20
2020-03-15,779,2,10
2020-03-15,780,1,10
2020-03-15,781,1,80
2020-03-15,782,3,80
2020-03-15,783,3,80
2020-03-15,784,0,90
2020-03-15,785,3,10
2020-03-15,786,0,50
2020-03-15,787,2,50
2020-03-15,788,3,80
2020-03-15,789,1,15
2020-03-15,790,1,90
2020-03-15,791,1,50
2020-03-15,792,0,15
2020-03-15,793,3,80
2020-03-15,794,3,50
2020-03-15,795,0,20
2020-03-15,796,2,10
2020-03-15,797,0,20
2020-03-15,798,0,90
2020-03-15,799,2,15
2020-03-15,800,2,90
2020-03-15,801,0,80
2020-03-15,802,0,15
2020-03-15,803,0,10
2020-03-15,804,2,15
2020-03-15,805,0,15
2020-03-15,806,0,20
2020-03-15,807,2,20
2020-03-15,808,2,15
2020-03-15,809,2,20
2020-03-15,810,0,15
2020-03-15,811,3,90
2020-03-15,812,2,50
2020-03-15,813,3,80
2020-03-15,814,3,10
2020-03-15,815,2,15
2020-03-15,816,0,90
2020-03-15,817,3,10
2020-03-15,818,3,20
2020-03-15,819,2,20
2020-03-15,820,1,20
2020-03-15,821,2,90
2020-03-15,822,2,50
2020-03-15,823,1,90
2020-03-15,824,2,15
2020-03-15,825,0,50
2020-03-15,826,0,10
2020-03-15,827,2,10
2020-03-15,828,2,15
2020-03-15,829,2,15
2020-03-15,830,2,15
2020-03-15,831,0,80
2020-03-15,832,3,50
2020-03-15,833,1,15
2020-03-15,834,2,80
2020-03-15,835,1,10
2020-03-15,836,3,10
2020-03-15,837,0,10
2020-03-15,838,0,20
2020-03-15,839,1,80
2020-03-15,840,0,80
2020-03-15,841,2,10
2020-03-15,842,0,90
2020-03-15,843,3,20
2020-03-15,844,1,15
2020-03-15,845,1,20
2020-03-15,846,3,10
2020-03-15,847,2,50
2020-03-15,848,2,90
2020-03-15,849,1,80
2020-03-15,850,1,50
2020-03-15,851,2,90
2020-03-15,852,3,90
2020-03-15,853,2,10
2020-03-15,854,3,50
2020-03-15,855,1,20
2020-03-15,856,2,50
2020-03-15,857,3,90
2020-03-15,858,1,15
2020-03-15,859,0,80
2020-03-15,860,3,20
2020-03-15,861,3,20
2020-03-15,862,0,80
2020-03-15,863,3,80
2020-03-15,864,1,20
2020-03-15,865,0,10
2020-03-15,866,0,50
2020-03-15,867,1,20
2020-03-15,868,1,80
2020-03-15,869,0,90
2020-03-15,870,1,50
2020-03-15,871,2,80
2020-03-15,872,1,90
2020-03-15,873,0,15
2020-03-15,874,0,10
2020-03-15,875,0,15
2020-03-15,876,2,20
2020-03-15,877,0,10
2020-03-15,878,1,50
2020-03-15,879,0,15
2020-03-15,880,3,15
2020-03-15,881,0,80
2020-03-15,882,2,50
2020-03-15,883,2,15
2020-03-15,884,3,50
2020-03-15,885,2,20
2020-03-15,886,3,80
2020-03-15,887,3,50
2020-03-15,888,3,10
2020-03-15,889,1,90
2020-03-15,890,3,20
2020-03-15,891,1,15
2020-03-15,892,3,20
2020-03-15,893,3,90
2020-03-15,894,3,80
2020-03-15,895,1,20
2020-03-15,896,3,20
2020-03-15,897,3,10
2020-03-15,898,0,15
2020-03-15,899,3,15
2020-03-15,900,2,50
2020-03-15,901,1,80
2020-03-15,902,0,10
2020-03-15,903,0,10
2020-03-15,904,3,20
2020-03-15,905,0,10
2020-03-15,906,3,10
2020-03-15,907,0,20
2020-03-15,908,2,50
2020-03-15,909,2,80
2020-03-15,910,1,10
2020-03-15,911,1,50
2020-03-15,912,0,90
2020-03-15,913,2,20
2020-03-15,914,0,50
2020-03-15,915,3,20
2020-03-15,916,0,50
2020-03-15,917,0,15
2020-03-15,918,3,90
2020-03-15,919,3,50
2020-03-15,920,1,90
2020-03-15,921,0,10
2020-03-15,922,3,50
2020-03-15,923,0,90
2020-03-15,924,3,10
2020-03-15,925,3,50
2020-03-15,926,2,80
2020-03-15,927,3,15
2020-03-15,928,2,20
2020-03-15,929,1,20
2020-03-15,930,3,90
2020-03-15,931,1,90
2020-03-15,932,0,15
2020-03-15,933,1,15
2020-03-15,934,1,90
2020-03-15,935,2,20
2020-03-15,936,3,50
2020-03-15,937,3,80
2020-03-15,938,0,15
2020-03-15,939,3,90
2020-03-15,940,1,90
2020-03-15,941,0,80
2020-03-15,942,3,15
2020-03-15,943,3,15
2020-03-15,944,1,50
2020-03-15,945,1,90
2020-03-15,946,0,50
2020-03-15,947,1,50
2020-03-15,948,3,80
2020-03-15,949,2,50
2020-03-15,950,0,80
2020-03-15,951,3,15
2020-03-15,952,3,15
2020-03-15,953,0,20
2020-03-15,954,1,15
2020-03-15,955,3,80
2020-03-15,956,1,10
2020-03-15,957,3,90
2020-03-15,958,0,50
2020-03-15,959,3,10
2020-03-15,960,3,90
2020-03-15,961,3,15
2020-03-15,962,2,20
2020-03-15,963,0,50
2020-03-15,964,1,15
2020-03-15,965,3,50
2020-03-15,966,3,90
2020-03-15,967,3,90
2020-03-15,968,0,20
2020-03-15,969,1,90
2020-03-15,970,3,80
2020-03-15,971,3,80
2020-03-15,972,0,15
2020-03-15,973,3,15
2020-03-15,974,3,50
2020-03-15,975,1,10
2020-03-15,976,0,20
2020-03-15,977,3,90
2020-03-15,978,0,50
2020-03-15,979,0,10
2020-03-15,980,0,15
2020-03-15,981,1,20
2020-03-15,982,0,80
2020-03-15,983,1,20
2020-03-15,984,2,90
2020-03-15,985,2,80
2020-03-15,986,1,50
2020-03-15,987,2,80
2020-03-15,988,1,80
2020-03-15,989,1,15
2020-03-15,990,2,90
2020-03-15,991,3,50
2020-03-15,992,3,15
2020-03-15,993,0,10
2020-03-15,994,0,80
2020-03-15,995,3,20
2020-03-15,996,3,15
2020-03-15,997,3,90
2020-03-15,998,1,50
2020-03-15,999,1,80
2020-03-15,1000,0,10
2020-03-15,1001,2,50
2020-03-15,1002,3,15
2020-03-15,1003,0,80
2020-03-15,1004,3,15
2020-03-15,1005,1,20
2020-03-15,1006,0,20
2020-03-15,1007,2,15
2020-03-15,1008,2,10
2020-03-15,1009,2,20
2020-03-15,1010,3,20
2020-03-15,1011,3,20
2020-03-15,1012,3,80
2020-03-15,1013,0,15
2020-03-15,1014,3,15
2020-03-15,1015,1,90
2020-03-15,1016,3,10
2020-03-15,1017,2,20
2020-03-15,1018,0,10
2020-03-15,1019,3,80
2020-03-15,1020,3,80
2020-03-15,1021,0,80
2020-03-15,1022,3,15
2020-03-15,1023,2,80
2020-03-15,1024,1,20
2020-03-15,1025,1,80
2020-03-15,1026,1,20
2020-03-15,1027,3,15
2020-03-15,1028,1,15
2020-03-15,1029,2,15
2020-03-15,1030,2,90
2020-03-15,1031,2,50
2020-03-15,1032,1,20
2020-03-15,1033,2,80
2020-03-15,1034,3,10
2020-03-15,1035,2,90
2020-03-15,1036,2,80
2020-03-15,1037,1,20
2020-03-15,1038,2,15
2020-03-15,1039,2,50
2020-03-15,1040,0,20
2020-03-15,1041,3,80
2020-03-15,1042,3,80
2020-03-15,1043,1,15
2020-03-15,1044,1,15
2020-03-15,1045,3,10
2020-03-15,1046,1,20
2020-03-15,1047,1,20
2020-03-15,1048,2,50
2020-03-15,1049,1,20
2020-03-15,1050,2,50
2020-03-15,1051,1,50
2020-03-15,1052,2,15
2020-03-15,1053,2,90
2020-03-15,1054,1,90
2020-03-15,1055,2,80
2020-03-15,1056,2,90
2020-03-15,1057,1,10
2020-03-15,1058,2,15
2020-03-15,1059,3,80
2020-03-15,1060,2,90
2020-03-15,1061,2,50
2020-03-15,1062,0,20
2020-03-15,1063,3,80
2020-03-15,1064,1,80
2020-03-15,1065,0,90
2020-03-15,1066,3,80
2020-03-15,1067,0,10
2020-03-15,1068,3,10
2020-03-15,1069,3,15
2020-03-15,1070,1,80
2020-03-15,1071,2,20
2020-03-15,1072,3,15
2020-03-15,1073,2,20
2020-03-15,1074,0,15
2020-03-15,1075,0,20
2020-03-15,1076,0,20
2020-03-15,1077,0,20
2020-03-15,1078,0,20
2020-03-15,1079,2,80
2020-03-15,1080,1,80
2020-03-15,1081,3,90
2020-03-15,1082,3,90
2020-03-15,1083,1,50
2020-03-15,1084,3,20
2020-03-15,1085,0,15
2020-03-15,1086,3,10
2020-03-15,1087,0,15
2020-03-15,1088,2,15
2020-03-15,1089,2,20
2020-03-15,1090,3,10
2020-03-15,1091,2,10
2020-03-15,1092,3,15
2020-03-15,1093,3,80
2020-03-15,1094,0,80
2020-03-15,1095,1,10
2020-03-15,1096,0,15
2020-03-15,1097,1,90
2020-03-15,1098,0,80
2020-03-15,1099,1,15
