2020-03-20,100,3,50
2020-03-20,101,2,20
2020-03-20,102,1,20
2020-03-20,103,2,90
2020-03-20,104,3,90
2020-03-20,105,1,80
2020-03-20,106,2,20
2020-03-20,107,0,90
2020-03-20,108,1,90
2020-03-20,109,3,15
2020-03-20,110,1,90
2020-03-20,111,3,10
2020-03-20,112,0,80
2020-03-20,113,3,15
2020-03-20,114,2,50
2020-03-20,115,2,80
2020-03-20,116,1,15
2020-03-20,117,1,20
2020-03-20,118,3,20
2020-03-20,119,3,20
2020-03-20,120,2,80
2020-03-20,121,1,80
2020-03-20,122,2,80
2020-03-20,123,2,10
2020-03-20,124,3,15
2020-03-20,125,1,20
2020-03-20,126,0,50
2020-03-20,127,0,50
2020-03-20,128,1,10
2020-03-20,129,0,20
2020-03-20,130,2,50
2020-03-20,131,2,50
2020-03-20,132,1,10
2020-03-20,133,0,80
2020-03-20,134,2,20
2020-03-20,135,0,50
2020-03-20,136,1,50
2020-03-20,137,0,10
2020-03-20,138,0,10
2020-03-20,139,2,15
2020-03-20,140,0,50
2020-03-20,141,1,90
2020-03-20,142,1,50
2020-03-20,143,1,15
2020-03-20,144,3,90
2020-03-20,145,1,20
2020-03-20,146,0,20
2020-03-20,147,2,20
2020-03-20,148,2,90
2020-03-20,149,2,90
2020-03-20,150,3,80
2020-03-20,151,3,90
2020-03-20,152,2,10
2020-03-20,153,2,90
2020-03-20,154,1,15
2020-03-20,155,1,90
2020-03-20,156,0,20
2020-03-20,157,1,90
2020-03-20,158,1,50
2020-03-20,159,0,20
2020-03-20,160,0,80
2020-03-20,161,1,90
2020-03-20,162,1,20
2020-03-20,163,3,80
2020-03-20,164,2,50
2020-03-20,165,2,10
2020-03-20,166,0,80
2020-03-20,167,0,50
2020-03-20,168,3,50
2020-03-20,169,0,80
2020-03-20,170,2,20
2020-03-20,171,2,50
2020-03-20,172,2,50
2020-03-20,173,2,80
2020-03-20,174,3,20
2020-03-20,175,2,50
2020-03-20,176,1,20
2020-03-20,177,1,10
2020-03-20,178,3,10
2020-03-20,179,0,50
2020-03-20,180,3,10
2020-03-20,181,2,50
2020-03-20,182,2,80
2020-03-20,183,3,20
2020-03-20,184,3,20
2020-03-20,185,2,15
2020-03-20,186,1,10
2020-03-20,187,2,80
2020-03-20,188,3,20
2020-03-20,189,1,80
2020-03-20,190,1,20
2020-03-20,191,0,20
2020-03-20,192,3,80
2020-03-20,193,1,50
2020-03-20,194,1,10
2020-03-20,195,1,20
2020-03-20,196,1,90
2020-03-20,197,3,80
2020-03-20,198,3,80
2020-03-20,199,3,10
2020-03-20,200,0,20
2020-03-20,201,0,50
2020-03-20,202,0,10
2020-03-20,203,2,10
2020-03-20,204,3,20
2020-03-20,205,3,15
2020-03-20,206,0,50
2020-03-20,207,2,10
2020-03-20,208,2,80
2020-03-20,209,1,20
2020-03-20,210,0,80
2020-03-20,211,1,10
2020-03-20,212,2,50
2020-03-20,213,0,15
2020-03-20,214,0,10
2020-03-20,215,2,10
2020-03-20,216,0,80
2020-03-20,217,3,20
2020-03-20,218,1,90
2020-03-20,219,1,10
2020-03-20,220,3,20
2020-03-20,221,1,80
2020-03-20,222,0,80
2020-03-20,223,2,10
2020-03-20,224,2,15
2020-03-20,225,2,50
2020-03-20,226,0,80
2020-03-20,227,3,80
2020-03-20,228,0,80
2020-03-20,229,2,50
2020-03-20,230,2,90
2020-03-20,231,2,20
2020-03-20,232,0,10
2020-03-20,233,3,20
2020-03-20,234,0,20
2020-03-20,235,1,90
2020-03-20,236,2,15
2020-03-20,237,3,15
2020-03-20,238,0,90
2020-03-20,239,2,80
2020-03-20,240,0,20
2020-03-20,241,0,50
2020-03-20,242,1,15
2020-03-20,243,0,50
2020-03-20,244,1,50
2020-03-20,245,1,20
2020-03-20,246,1,20
2020-03-20,247,0,80
2020-03-20,248,1,90
2020-03-20,249,2,20
2020-03-20,250,3,50
2020-03-20,251,0,15
2020-03-20,252,2,50
2020-03-20,253,2,50
2020-03-20,254,3,50
2020-03-20,255,0,90
2020-03-20,256,2,15
2020-03-20,257,1,50
2020-03-20,258,0,50
2020-03-20,259,1,15
2020-03-20,260,1,10
2020-03-20,261,2,90
2020-03-20,262,1,15
2020-03-20,263,0,20
2020-03-20,264,2,15
2020-03-20,265,2,80
2020-03-20,266,3,10
2020-03-20,267,0,50
2020-03-20,268,3,50
2020-03-20,269,1,90
2020-03-20,270,1,15
2020-03-20,271,2,80
2020-03-20,272,2,50
2020-03-20,273,1,15
2020-03-20,274,1,80
2020-03-20,275,1,20
2020-03-20,276,1,10
2020-03-20,277,3,15
2020-03-20,278,0,10
2020-03-20,279,1,90
2020-03-20,280,1,15
2020-03-20,281,0,90
2020-03-20,282,0,90
2020-03-20,283,0,90
2020-03-20,284,3,90
2020-03-20,285,2,80
2020-03-20,286,0,15
2020-03-20,287,1,50
2020-03-20,288,1,10
2020-03-20,289,2,80
2020-03-20,290,3,80
2020-03-20,291,0,15
2020-03-20,292,1,10
2020-03-20,293,3,50
2020-03-20,294,3,80
2020-03-20,295,3,10
2020-03-20,296,0,50
2020-03-20,297,3,80
2020-03-20,298,3,10
2020-03-20,299,2,10
2020-03-20,300,0,15
2020-03-20,301,1,90
2020-03-20,302,0,20
2020-03-20,303,1,90
2020-03-20,304,0,80
2020-03-20,305,2,80
2020-03-20,306,2,50
2020-03-20,307,3,20
2020-03-20,308,2,15
2020-03-20,309,1,90
2020-03-20,310,3,15
2020-03-20,311,0,50
2020-03-20,312,1,90
2020-03-20,313,1,50
2020-03-20,314,3,50
2020-03-20,315,0,15
2020-03-20,316,3,20
2020-03-20,317,1,50
2020-03-20,318,1,15
2020-03-20,319,0,15
2020-03-20,320,1,10
2020-03-20,321,2,15
2020-03-20,322,1,90
2020-03-20,323,0,80
2020-03-20,324,0,80
2020-03-20,325,0,80
2020-03-20,326,1,10
2020-03-20,327,3,90
2020-03-20,328,3,50
2020-03-20,329,1,15
2020-03-20,330,2,20
2020-03-20,331,2,90
2020-03-20,332,0,20
2020-03-20,333,3,50
2020-03-20,334,2,20
2020-03-20,335,2,50
2020-03-20,336,2,10
2020-03-20,337,2,10
2020-03-20,338,1,10
2020-03-20,339,0,15
2020-03-20,340,3,50
2020-03-20,341,3,50
2020-03-20,342,3,90
2020-03-20,343,2,10
2020-03-20,344,1,90
2020-03-20,345,1,80
2020-03-20,346,0,15
2020-03-20,347,2,90
2020-03-20,348,3,90
2020-03-20,349,2,50
2020-03-20,350,2,50
2020-03-20,351,2,90
2020-03-20,352,2,80
2020-03-20,353,1,15
2020-03-20,354,2,90
2020-03-20,355,0,20
2020-03-20,356,0,80
2020-03-20,357,3,20
2020-03-20,358,0,20
2020-03-20,359,2,15
2020-03-20,360,0,10
2020-03-20,361,3,80
2020-03-20,362,0,15
2020-03-20,363,1,10
2020-03-20,364,0,80
2020-03-20,365,3,15
2020-03-20,366,0,90
2020-03-20,367,3,80
2020-03-20,368,1,80
2020-03-20,369,3,90
2020-03-20,370,0,20
2020-03-20,371,3,90
2020-03-20,372,2,15
2020-03-20,373,3,80
2020-03-20,374,3,90
2020-03-20,375,2,90
2020-03-20,376,3,10
2020-03-20,377,1,50
2020-03-20,378,2,80
2020-03-20,379,0,15
2020-03-20,380,3,10
2020-03-20,381,0,90
2020-03-20,382,2,80
2020-03-20,383,3,90
2020-03-20,384,2,15
2020-03-20,385,1,20
2020-03-20,386,3,20
2020-03-20,387,3,15
2020-03-20,388,0,10
2020-03-20,389,1,10
2020-03-20,390,3,10
2020-03-20,391,1,90
2020-03-20,392,2,20
2020-03-20,393,0,15
2020-03-20,394,3,20
2020-03-20,395,3,80
2020-03-20,396,3,15
2020-03-20,397,3,90
2020-03-20,398,0,15
2020-03-20,399,0,10
2020-03-20,400,2,50
2020-03-20,401,3,10
2020-03-20,402,1,20
2020-03-20,403,0,50
2020-03-20,404,1,10
2020-03-20,405,1,80
2020-03-20,406,3,15
2020-03-20,407,1,15
2020-03-20,408,2,15
2020-03-20,409,0,50
2020-03-20,410,0,80
2020-03-20,411,1,50
2020-03-20,412,2,90
2020-03-20,413,2,90
2020-03-20,414,2,15
2020-03-20,415,2,20
2020-03-20,416,2,90
2020-03-20,417,0,20
2020-03-20,418,3,80
2020-03-20,419,3,90
2020-03-20,420,0,80
2020-03-20,421,1,15
2020-03-20,422,1,80
2020-03-20,423,2,20
2020-03-20,424,2,20
2020-03-20,425,2,10
2020-03-20,426,0,90
2020-03-20,427,3,10
2020-03-20,428,1,90
2020-03-20,429,3,90
2020-03-20,430,2,80
2020-03-20,431,1,10
2020-03-20,432,2,80
2020-03-20,433,2,15
2020-03-20,434,0,80
2020-03-20,435,2,20
2020-03-20,436,2,10
2020-03-20,437,3,10
2020-03-20,438,2,10
2020-03-20,439,2,90
2020-03-20,440,2,10
2020-03-20,441,2,80
2020-03-20,442,2,20
2020-03-20,443,0,90
2020-03-20,444,2,15
2020-03-20,445,0,10
2020-03-20,446,2,90
2020-03-20,447,2,15
2020-03-20,448,3,50
2020-03-20,449,3,80
2020-03-20,450,3,80
2020-03-20,451,0,15
2020-03-20,452,2,50
2020-03-20,453,1,80
2020-03-20,454,2,80
2020-03-20,455,1,50
2020-03-20,456,0,50
2020-03-20,457,2,20
2020-03-20,458,0,50
2020-03-20,459,3,15
2020-03-20,460,0,80
2020-03-20,461,2,10
2020-03-20,462,0,50
2020-03-20,463,0,10
2020-03-20,464,2,10
2020-03-20,465,2,90
2020-03-20,466,0,10
2020-03-20,467,2,50
2020-03-20,468,3,80
2020-03-20,469,3,10
2020-03-20,470,3,20
2020-03-20,471,0,50
2020-03-20,472,2,10
2020-03-20,473,1,90
2020-03-20,474,3,20
2020-03-20,475,2,15
2020-03-20,476,3,90
2020-03-20,477,3,15
2020-03-20,478,3,20
2020-03-20,479,2,15
2020-03-20,480,3,50
2020-03-20,481,1,10
2020-03-20,482,3,10
2020-03-20,483,1,50
2020-03-20,484,3,80
2020-03-20,485,3,20
2020-03-20,486,2,15
2020-03-20,487,1,80
2020-03-20,488,1,80
2020-03-20,489,0,80
2020-03-20,490,1,20
2020-03-20,491,0,10
2020-03-20,492,1,90
2020-03-20,493,3,80
2020-03-20,494,1,80
2020-03-20,495,3,50
2020-03-20,496,3,80
2020-03-20,497,0,90
2020-03-20,498,2,15
2020-03-20,499,2,90
2020-03-20,500,0,80
2020-03-20,501,2,50
2020-03-20,502,3,10
2020-03-20,503,1,15
2020-03-20,504,0,10
2020-03-20,505,3,90
2020-03-20,506,3,80
2020-03-20,507,3,50
2020-03-20,508,1,90
2020-03-20,509,1,80
2020-03-20,510,3,50
2020-03-20,511,2,10
2020-03-20,512,3,90
2020-03-20,513,2,20
2020-03-20,514,0,90
2020-03-20,515,3,80
2020-03-20,516,3,15
2020-03-20,517,3,20
2020-03-20,518,0,50
2020-03-20,519,3,50
2020-03-20,520,1,20
2020-03-20,521,1,15
2020-03-20,522,0,20
2020-03-20,523,2,20
2020-03-20,524,0,15
2020-03-20,525,1,10
2020-03-20,526,1,90
2020-03-20,527,3,50
2020-03-20,528,1,90
2020-03-20,529,3,90
2020-03-20,530,1,50
2020-03-20,531,3,50
2020-03-20,532,2,80
2020-03-20,533,1,20
2020-03-20,534,1,10
2020-03-20,535,1,90
2020-03-20,536,0,20
2020-03-20,537,1,80
2020-03-20,538,2,20
2020-03-20,539,3,50
2020-03-20,540,3,80
2020-03-20,541,1,50
2020-03-20,542,1,10
2020-03-20,543,0,50
2020-03-20,544,0,50
2020-03-20,545,1,20
2020-03-20,546,3,10
2020-03-20,547,1,50
2020-03-20,548,0,90
2020-03-20,549,1,80
2020-03-20,550,1,10
2020-03-20,551,1,50
2020-03-20,552,3,90
2020-03-20,553,2,80
2020-03-20,554,2,80
2020-03-20,555,0,90
2020-03-20,556,2,15
2020-03-20,557,1,80
2020-03-20,558,1,80
2020-03-20,559,2,10
2020-03-20,560,2,20
2020-03-20,561,1,15
2020-03-20,562,1,90
2020-03-20,563,1,20
2020-03-20,564,0,20
2020-03-20,565,2,50
2020-03-20,566,0,80
2020-03-20,567,2,20
2020-03-20,568,3,10
2020-03-20,569,0,90
2020-03-20,570,1,10
2020-03-20,571,1,90
2020-03-20,572,3,20
2020-03-20,573,2,80
2020-03-20,574,1,50
2020-03-20,575,1,50
2020-03-20,576,2,50
2020-03-20,577,2,15
2020-03-20,578,3,90
2020-03-20,579,2,10
2020-03-20,580,1,15
2020-03-20,581,2,10
2020-03-20,582,2,20
2020-03-20,583,1,10
2020-03-20,584,2,15
2020-03-20,585,3,50
2020-03-20,586,1,20
2020-03-20,587,1,20
2020-03-20,588,1,15
2020-03-20,589,3,20
2020-03-20,590,0,20
2020-03-20,591,1,50
2020-03-20,592,2,10
2020-03-20,593,0,50
2020-03-20,594,3,90
2020-03-20,595,2,80
2020-03-20,596,0,15
2020-03-20,597,0,90
2020-03-20,598,1,20
2020-03-20,599,0,90
2020-03-20,600,3,50
2020-03-20,601,0,20
2020-03-20,602,1,90
2020-03-20,603,3,20
2020-03-20,604,2,80
2020-03-20,605,3,20
2020-03-20,606,1,90
2020-03-20,607,0,50
2020-03-20,608,1,15
2020-03-20,609,1,50
2020-03-20,610,2,15
2020-03-20,611,1,80
2020-03-20,612,0,50
2020-03-20,613,3,90
2020-03-20,614,0,20
2020-03-20,615,3,50
2020-03-20,616,0,20
2020-03-20,617,1,80
2020-03-20,618,0,20
2020-03-20,619,2,15
2020-03-20,620,0,50
2020-03-20,621,3,90
2020-03-20,622,1,50
2020-03-20,623,2,90
2020-03-20,624,2,50
2020-03-20,625,3,80
2020-03-20,626,1,15
2020-03-20,627,2,10
2020-03-20,628,2,15
2020-03-20,629,3,15
2020-03-20,630,2,20
2020-03-20,631,0,80
2020-03-20,632,3,80
2020-03-20,633,0,10
2020-03-20,634,1,20
2020-03-20,635,2,20
2020-03-20,636,2,15
2020-03-20,637,1,50
2020-03-20,638,3,20
2020-03-20,639,1,50
2020-03-20,640,2,90
2020-03-20,641,1,50
2020-03-20,642,3,20
2020-03-20,643,1,15
2020-03-20,644,0,20
2020-03-20,645,1,20
2020-03-20,646,0,20
2020-03-20,647,2,20
2020-03-20,648,1,90
2020-03-20,649,0,90
2020-03-20,650,2,20
2020-03-20,651,0,90
2020-03-20,652,2,90
2020-03-20,653,1,80
2020-03-20,654,1,80
2020-03-20,655,1,15
2020-03-20,656,0,90
2020-03-20,657,2,20
2020-03-20,658,2,90
2020-03-20,659,0,90
2020-03-20,660,1,90
2020-03-20,661,3,90
2020-03-20,662,2,10
2020-03-20,663,3,20
2020-03-20,664,1,90
2020-03-20,665,1,50
2020-03-20,666,0,20
2020-03-20,667,2,20
2020-03-20,668,2,50
2020-03-20,669,1,20
2020-03-20,670,3,80
2020-03-20,671,1,50
2020-03-20,672,3,15
2020-03-20,673,2,80
2020-03-20,674,1,15
2020-03-20,675,2,90
2020-03-20,676,2,50
2020-03-20,677,0,20
2020-03-20,678,2,50
2020-03-20,679,2,10
2020-03-20,680,0,10
2020-03-20,681,0,50
2020-03-20,682,3,15
2020-03-20,683,3,20
2020-03-20,684,2,50
2020-03-20,685,3,15
2020-03-20,686,1,80
2020-03-20,687,1,10
2020-03-20,688,1,90
2020-03-20,689,1,50
2020-03-20,690,2,90
2020-03-20,691,0,10
2020-03-20,692,3,20
2020-03-20,693,0,80
2020-03-20,694,3,15
2020-03-20,695,0,20
2020-03-20,696,2,15
2020-03-20,697,0,15
2020-03-20,698,3,15
2020-03-20,699,2,50
2020-03-20,700,1,90
2020-03-20,701,2,50
2020-03-20,702,0,10
2020-03-20,703,2,80
2020-03-20,704,2,80
2020-03-20,705,0,20
2020-03-20,706,0,20
2020-03-20,707,0,90
2020-03-20,708,2,80
2020-03-20,709,2,10
2020-03-20,710,0,15
2020-03-20,711,1,90
2020-03-20,712,0,80
2020-03-20,713,2,20
2020-03-20,714,2,10
2020-03-20,715,0,50
2020-03-20,716,2,50
2020-03-20,717,1,10
2020-03-20,718,3,10
2020-03-20,719,2,80
2020-03-20,720,0,15
2020-03-20,721,0,20
2020-03-20,722,3,20
2020-03-20,723,3,10
2020-03-20,724,3,80
2020-03-20,725,2,15
2020-03-20,726,1,20
2020-03-20,727,3,15
2020-03-20,728,3,90
2020-03-20,729,1,90
2020-03-20,730,3,80
2020-03-20,731,1,15
2020-03-20,732,1,20
2020-03-20,733,1,50
2020-03-20,734,1,80
2020-03-20,735,1,80
2020-03-20,736,3,10
2020-03-20,737,3,20
2020-03-20,738,2,50
2020-03-20,739,0,10
2020-03-20,740,1,50
2020-03-20,741,3,20
2020-03-20,742,1,15
2020-03-20,743,2,10
2020-03-20,744,0,50
2020-03-20,745,3,20
2020-03-20,746,3,50
2020-03-20,747,0,80
2020-03-20,748,3,50
2020-03-20,749,3,20
2020-03-20,750,1,15
2020-03-20,751,0,20
2020-03-20,752,3,90
2020-03-20,753,2,15
2020-03-20,754,3,20
2020-03-20,755,2,80
2020-03-20,756,3,20
2020-03-20,757,0,50
2020-03-20,758,0,10
2020-03-20,759,0,10
2020-03-20,760,1,20
2020-03-20,761,0,15
2020-03-20,762,3,10
2020-03-20,763,2,50
2020-03-20,764,1,10
2020-03-20,765,3,90
2020-03-20,766,0,90
2020-03-20,767,0,10
2020-03-20,768,1,10
2020-03-20,769,3,50
2020-03-20,770,1,80
2020-03-20,771,1,50
2020-03-20,772,2,80
2020-03-20,773,3,20
2020-03-20,774,2,80
2020-03-20,775,1,80
2020-03-20,776,2,15
2020-03-20,777,2,20
2020-03-20,778,0,90
2020-03-20,779,0,90
2020-03-20,780,2,10
2020-03-20,781,0,50
2020-03-20,782,3,50
2020-03-20,783,1,15
2020-03-20,784,1,10
2020-03-20,785,0,10
2020-03-20,786,3,80
2020-03-20,787,0,50
2020-03-20,788,2,15
2020-03-20,789,0,10
2020-03-20,790,2,10
2020-03-20,791,3,80
2020-03-20,792,3,50
2020-03-20,793,3,10
2020-03-20,794,3,90
2020-03-20,795,2,90
2020-03-20,796,3,15
2020-03-20,797,0,20
2020-03-20,798,1,80
2020-03-20,799,3,10
2020-03-20,800,2,10
2020-03-20,801,3,90
2020-03-20,802,2,15
2020-03-20,803,2,50
2020-03-20,804,0,90
2020-03-20,805,1,10
2020-03-20,806,1,20
2020-03-20,807,1,15
2020-03-20,808,3,10
2020-03-20,809,0,20
2020-03-20,810,1,90
2020-03-20,811,0,50
2020-03-20,812,1,20
2020-03-20,813,0,80
2020-03-20,814,3,80
2020-03-20,815,3,90
2020-03-20,816,1,90
2020-03-20,817,2,80
2020-03-20,818,2,15
2020-03-20,819,3,10
2020-03-20,820,2,80
2020-03-20,821,2,20
2020-03-20,822,0,50
2020-03-20,823,0,20
2020-03-20,824,0,80
2020-03-20,825,3,80
2020-03-20,826,1,50
2020-03-20,827,1,15
2020-03-20,828,1,20
2020-03-20,829,1,10
2020-03-20,830,0,90
2020-03-20,831,1,90
2020-03-20,832,3,15
2020-03-20,833,3,50
2020-03-20,834,3,10
2020-03-20,835,1,80
2020-03-20,836,1,20
2020-03-20,837,3,20
2020-03-20,838,0,10
2020-03-20,839,2,80
2020-03-20,840,3,80
2020-03-20,841,3,15
2020-03-20,842,3,90
2020-03-20,843,2,50
2020-03-20,844,0,20
2020-03-20,845,1,20
2020-03-20,846,0,50
2020-03-20,847,1,80
2020-03-20,848,0,90
2020-03-20,849,2,15
2020-03-20,850,1,80
2020-03-20,851,2,80
2020-03-20,852,3,80
2020-03-20,853,2,20
2020-03-20,854,3,20
2020-03-20,855,0,20
2020-03-20,856,1,20
2020-03-20,857,1,15
2020-03-20,858,2,50
2020-03-20,859,2,50
2020-03-20,860,2,90
2020-03-20,861,0,10
2020-03-20,862,2,50
2020-03-20,863,0,50
2020-03-20,864,1,20
2020-03-20,865,2,80
2020-03-20,866,1,80
2020-03-20,867,3,90
2020-03-20,868,3,20
2020-03-20,869,3,50
2020-03-20,870,2,15
2020-03-20,871,3,20
2020-03-20,872,3,80
2020-03-20,873,1,10
2020-03-20,874,3,90
2020-03-20,875,2,80
2020-03-20,876,2,90
2020-03-20,877,1,90
2020-03-20,878,2,15
2020-03-20,879,1,80
2020-03-20,880,2,80
2020-03-20,881,2,50
2020-03-20,882,1,50
2020-03-20,883,3,10
2020-03-20,884,0,50
2020-03-20,885,1,90
2020-03-20,886,3,20
2020-03-20,887,3,20
2020-03-20,888,1,20
2020-03-20,889,2,50
2020-03-20,890,1,20
2020-03-20,891,0,15
2020-03-20,892,1,10
2020-03-20,893,1,80
2020-03-20,894,1,20
2020-03-20,895,3,20
2020-03-20,896,1,15
2020-03-20,897,1,50
2020-03-20,898,3,15
2020-03-20,899,1,10
2020-03-20,900,0,50
2020-03-20,901,2,15
2020-03-20,902,1,90
2020-03-20,903,0,50
2020-03-20,904,1,90
2020-03-20,905,1,20
2020-03-20,906,2,50
2020-03-20,907,3,90
2020-03-20,908,3,10
2020-03-20,909,2,20
2020-03-20,910,1,15
2020-03-20,911,0,80
2020-03-20,912,3,90
2020-03-20,913,2,50
2020-03-20,914,2,15
2020-03-20,915,1,90
2020-03-20,916,1,15
2020-03-20,917,0,10
2020-03-20,918,2,10
2020-03-20,919,0,20
2020-03-20,920,0,15
2020-03-20,921,3,20
2020-03-20,922,1,20
2020-03-20,923,3,80
2020-03-20,924,0,80
2020-03-20,925,1,10
2020-03-20,926,3,20
2020-03-20,927,1,15
2020-03-20,928,2,90
2020-03-20,929,0,90
2020-03-20,930,1,10
2020-03-20,931,1,15
2020-03-20,932,2,10
2020-03-20,933,1,10
2020-03-20,934,2,90
2020-03-20,935,3,10
2020-03-20,936,0,20
2020-03-20,937,0,80
2020-03-20,938,0,90
2020-03-20,939,3,15
2020-03-20,940,2,20
2020-03-20,941,1,80
2020-03-20,942,0,20
2020-03-20,943,1,15
2020-03-20,944,2,90
2020-03-20,945,3,50
2020-03-20,946,1,50
2020-03-20,947,2,80
2020-03-20,948,1,50
2020-03-20,949,2,90
2020-03-20,950,3,90
2020-03-20,951,0,50
2020-03-20,952,2,10
2020-03-20,953,2,50
2020-03-20,954,0,50
2020-03-20,955,1,90
2020-03-20,956,3,20
2020-03-20,957,1,10
2020-03-20,958,3,80
2020-03-20,959,1,15
2020-03-20,960,3,20
2020-03-20,961,3,15
2020-03-20,962,2,50
2020-03-20,963,2,90
2020-03-20,964,1,20
2020-03-20,965,3,10
2020-03-20,966,0,90
2020-03-20,967,1,20
2020-03-20,968,1,20
2020-03-20,969,2,10
2020-03-20,970,1,15
2020-03-20,971,2,15
2020-03-20,972,2,10
2020-03-20,973,0,90
2020-03-20,974,1,20
2020-03-20,975,1,15
2020-03-20,976,3,50
2020-03-20,977,2,80
2020-03-20,978,2,20
2020-03-20,979,0,15
2020-03-20,980,1,20
2020-03-20,981,0,20
2020-03-20,982,0,20
2020-03-20,983,0,15
2020-03-20,984,2,15
2020-03-20,985,3,10
2020-03-20,986,3,15
2020-03-20,987,0,90
2020-03-20,988,0,80
2020-03-20,989,2,15
2020-03-20,990,1,80
2020-03-20,991,1,50
2020-03-20,992,1,90
2020-03-20,993,3,15
2020-03-20,994,2,20
2020-03-20,995,3,15
2020-03-20,996,1,80
2020-03-20,997,3,15
2020-03-20,998,3,80
2020-03-20,999,2,90
2020-03-20,1000,0,90
2020-03-20,1001,0,10
2020-03-20,1002,0,50
2020-03-20,1003,0,10
2020-03-20,1004,1,80
2020-03-20,1005,2,80
2020-03-20,1006,1,80
2020-03-20,1007,2,15
2020-03-20,1008,1,10
2020-03-20,1009,0,20
2020-03-20,1010,1,20
2020-03-20,1011,0,15
2020-03-20,1012,2,50
2020-03-20,1013,1,15
2020-03-20,1014,3,80
2020-03-20,1015,1,15
2020-03-20,1016,2,90
2020-03-20,1017,2,50
2020-03-20,1018,3,15
2020-03-20,1019,0,10
2020-03-20,1020,2,90
2020-03-20,1021,2,10
2020-03-20,1022,2,90
2020-03-20,1023,1,80
2020-03-20,1024,0,50
2020-03-20,1025,1,20
2020-03-20,1026,2,80
2020-03-20,1027,2,90
2020-03-20,1028,0,50
2020-03-20,1029,2,80
2020-03-20,1030,0,90
2020-03-20,1031,1,50
2020-03-20,1032,2,50
2020-03-20,1033,3,50
2020-03-20,1034,1,80
2020-03-20,1035,3,10
2020-03-20,1036,2,80
2020-03-20,1037,0,50
2020-03-20,1038,2,20
2020-03-20,1039,3,10
2020-03-20,1040,1,90
2020-03-20,1041,1,90
2020-03-20,1042,3,80
2020-03-20,1043,3,90
2020-03-20,1044,0,80
2020-03-20,1045,2,20
2020-03-20,1046,3,80
2020-03-20,1047,1,15
2020-03-20,1048,0,80
2020-03-20,1049,2,20
2020-03-20,1050,3,80
2020-03-20,1051,2,50
2020-03-20,1052,1,50
2020-03-20,1053,0,15
2020-03-20,1054,2,50
2020-03-20,1055,2,15
2020-03-20,1056,2,80
2020-03-20,1057,1,90
2020-03-20,1058,0,10
2020-03-20,1059,0,80
2020-03-20,1060,3,10
2020-03-20,1061,1,15
2020-03-20,1062,3,10
2020-03-20,1063,0,10
2020-03-20,1064,2,20
2020-03-20,1065,0,80
2020-03-20,1066,2,90
2020-03-20,1067,0,20
2020-03-20,1068,0,50
2020-03-20,1069,0,20
2020-03-20,1070,2,20
2020-03-20,1071,2,80
2020-03-20,1072,3,10
2020-03-20,1073,3,80
2020-03-20,1074,2,15
2020-03-20,1075,0,80
2020-03-20,1076,2,80
2020-03-20,1077,1,20
2020-03-20,1078,1,80
2020-03-20,1079,1,10
2020-03-20,1080,0,90
2020-03-20,1081,2,20
2020-03-20,1082,3,50
2020-03-20,1083,1,80
2020-03-20,1084,2,10
2020-03-20,1085,0,15
2020-03-20,1086,2,10
2020-03-20,1087,2,20
2020-03-20,1088,0,80
2020-03-20,1089,0,10
2020-03-20,1090,2,10
2020-03-20,1091,1,10
2020-03-20,1092,1,80
2020-03-20,1093,0,20
2020-03-20,1094,2,20
2020-03-20,1095,2,90
2020-03-20,1096,2,80
2020-03-20,1097,2,10
2020-03-20,1098,1,15
2020-03-20,1099,3,15
