2020-03-12,100,0,15
2020-03-12,101,1,50
2020-03-12,102,2,1000
2020-03-12,103,2,100
2020-03-12,104,3,50
2020-03-12,105,0,15
2020-03-12,106,1,10
2020-03-12,107,3,1000
2020-03-12,108,0,10
2020-03-12,109,0,200
2020-03-12,110,0,15
2020-03-12,111,1,1000
2020-03-12,112,1,10
2020-03-12,113,0,10
2020-03-12,114,2,15
2020-03-12,115,0,200
2020-03-12,116,3,10
2020-03-12,117,1,15
2020-03-12,118,3,50
2020-03-12,119,2,15
2020-03-12,120,1,100
2020-03-12,121,2,100
2020-03-12,122,3,200
2020-03-12,123,1,1000
2020-03-12,124,3,1000
2020-03-12,125,3,15
2020-03-12,126,3,10
2020-03-12,127,2,200
2020-03-12,128,0,1000
2020-03-12,129,2,15
2020-03-12,130,2,10
2020-03-12,131,2,100
2020-03-12,132,3,10
2020-03-12,133,2,100
2020-03-12,134,2,50
2020-03-12,135,0,50
2020-03-12,136,3,100
2020-03-12,137,1,200
2020-03-12,138,2,50
2020-03-12,139,3,10
2020-03-12,140,0,200
2020-03-12,141,1,1000
2020-03-12,142,1,200
2020-03-12,143,1,100
2020-03-12,144,0,50
2020-03-12,145,1,50
2020-03-12,146,2,10
2020-03-12,147,1,10
2020-03-12,148,0,1000
2020-03-12,149,0,100
2020-03-12,150,0,100
2020-03-12,151,2,100
2020-03-12,152,2,100
2020-03-12,153,3,100
2020-03-12,154,3,100
2020-03-12,155,1,100
2020-03-12,156,2,50
2020-03-12,157,3,100
2020-03-12,158,3,15
2020-03-12,159,2,1000
2020-03-12,160,3,200
2020-03-12,161,3,200
2020-03-12,162,1,100
2020-03-12,163,2,15
2020-03-12,164,3,100
2020-03-12,165,3,100
2020-03-12,166,1,15
2020-03-12,167,0,15
2020-03-12,168,1,100
2020-03-12,169,2,15
2020-03-12,170,2,100
2020-03-12,171,2,15
2020-03-12,172,0,100
2020-03-12,173,1,200
2020-03-12,174,0,200
2020-03-12,175,3,15
2020-03-12,176,0,1000
2020-03-12,177,2,200
2020-03-12,178,2,50
2020-03-12,179,0,50
2020-03-12,180,2,15
2020-03-12,181,2,1000
2020-03-12,182,3,1000
2020-03-12,183,0,10
2020-03-12,184,1,15
2020-03-12,185,0,200
2020-03-12,186,0,1000
2020-03-12,187,0,200
2020-03-12,188,3,1000
2020-03-12,189,2,50
2020-03-12,190,0,200
2020-03-12,191,3,15
2020-03-12,192,2,200
2020-03-12,193,1,10
2020-03-12,194,1,50
2020-03-12,195,0,10
2020-03-12,196,3,1000
2020-03-12,197,0,10
2020-03-12,198,1,50
2020-03-12,199,2,50
2020-03-12,200,3,100
2020-03-12,201,1,1000
2020-03-12,202,2,50
2020-03-12,203,3,100
2020-03-12,204,0,50
2020-03-12,205,1,200
2020-03-12,206,3,1000
2020-03-12,207,3,200
2020-03-12,208,1,200
2020-03-12,209,0,100
2020-03-12,210,2,10
2020-03-12,211,1,100
2020-03-12,212,1,200
2020-03-12,213,2,10
2020-03-12,214,0,100
2020-03-12,215,2,50
2020-03-12,216,0,200
2020-03-12,217,2,200
2020-03-12,218,3,1000
2020-03-12,219,1,50
2020-03-12,220,1,15
2020-03-12,221,2,200
2020-03-12,222,0,1000
2020-03-12,223,1,15
2020-03-12,224,1,1000
2020-03-12,225,1,50
2020-03-12,226,2,200
2020-03-12,227,1,50
2020-03-12,228,3,200
2020-03-12,229,1,1000
2020-03-12,230,2,100
2020-03-12,231,2,1000
2020-03-12,232,1,15
2020-03-12,233,0,50
2020-03-12,234,3,200
2020-03-12,235,1,200
2020-03-12,236,1,200
2020-03-12,237,0,100
2020-03-12,238,3,100
2020-03-12,239,2,200
2020-03-12,240,1,200
2020-03-12,241,0,1000
2020-03-12,242,2,200
2020-03-12,243,3,1000
2020-03-12,244,0,100
2020-03-12,245,2,15
2020-03-12,246,0,1000
2020-03-12,247,2,10
2020-03-12,248,3,10
2020-03-12,249,0,15
2020-03-12,250,2,200
2020-03-12,251,0,15
2020-03-12,252,1,200
2020-03-12,253,3,15
2020-03-12,254,3,10
2020-03-12,255,3,15
2020-03-12,256,3,50
2020-03-12,257,2,200
2020-03-12,258,3,100
2020-03-12,259,3,1000
2020-03-12,260,2,1000
2020-03-12,261,1,1000
2020-03-12,262,3,100
2020-03-12,263,0,50
2020-03-12,264,1,15
2020-03-12,265,2,15
2020-03-12,266,3,10
2020-03-12,267,0,100
2020-03-12,268,1,100
2020-03-12,269,0,50
2020-03-12,270,0,1000
2020-03-12,271,1,10
2020-03-12,272,1,100
2020-03-12,273,1,200
2020-03-12,274,1,50
2020-03-12,275,3,15
2020-03-12,276,2,50
2020-03-12,277,0,50
2020-03-12,278,1,50
2020-03-12,279,3,1000
2020-03-12,280,2,10
2020-03-12,281,0,200
2020-03-12,282,2,50
2020-03-12,283,2,200
2020-03-12,284,2,15
2020-03-12,285,3,100
2020-03-12,286,3,1000
2020-03-12,287,1,200
2020-03-12,288,3,50
2020-03-12,289,1,1000
2020-03-12,290,2,15
2020-03-12,291,1,15
2020-03-12,292,2,15
2020-03-12,293,0,10
2020-03-12,294,3,10
2020-03-12,295,3,100
2020-03-12,296,2,15
2020-03-12,297,1,200
2020-03-12,298,0,100
2020-03-12,299,3,15
2020-03-12,300,1,100
2020-03-12,301,0,10
2020-03-12,302,3,100
2020-03-12,303,0,100
2020-03-12,304,1,200
2020-03-12,305,1,100
2020-03-12,306,3,200
2020-03-12,307,3,1000
2020-03-12,308,3,10
2020-03-12,309,0,10
2020-03-12,310,2,200
2020-03-12,311,1,200
2020-03-12,312,1,1000
2020-03-12,313,0,200
2020-03-12,314,0,1000
2020-03-12,315,3,200
2020-03-12,316,2,15
2020-03-12,317,2,200
2020-03-12,318,0,10
2020-03-12,319,1,50
2020-03-12,320,3,100
2020-03-12,321,3,200
2020-03-12,322,1,100
2020-03-12,323,1,1000
2020-03-12,324,1,200
2020-03-12,325,2,10
2020-03-12,326,2,200
2020-03-12,327,3,1000
2020-03-12,328,0,1000
2020-03-12,329,0,15
2020-03-12,330,3,1000
2020-03-12,331,1,50
2020-03-12,332,2,15
2020-03-12,333,0,100
2020-03-12,334,3,100
2020-03-12,335,2,200
2020-03-12,336,3,100
2020-03-12,337,0,15
2020-03-12,338,0,15
2020-03-12,339,1,100
2020-03-12,340,3,200
2020-03-12,341,2,200
2020-03-12,342,0,15
2020-03-12,343,3,15
2020-03-12,344,0,200
2020-03-12,345,0,15
2020-03-12,346,3,50
2020-03-12,347,0,15
2020-03-12,348,2,10
2020-03-12,349,3,100
2020-03-12,350,1,15
2020-03-12,351,0,15
2020-03-12,352,2,15
2020-03-12,353,0,50
2020-03-12,354,0,100
2020-03-12,355,0,10
2020-03-12,356,1,100
2020-03-12,357,1,100
2020-03-12,358,2,200
2020-03-12,359,3,1000
2020-03-12,360,3,15
2020-03-12,361,3,200
2020-03-12,362,1,50
2020-03-12,363,0,15
2020-03-12,364,2,10
2020-03-12,365,3,100
2020-03-12,366,3,1000
2020-03-12,367,2,100
2020-03-12,368,2,15
2020-03-12,369,3,10
2020-03-12,370,0,10
2020-03-12,371,3,15
2020-03-12,372,0,100
2020-03-12,373,3,200
2020-03-12,374,3,100
2020-03-12,375,1,15
2020-03-12,376,3,15
2020-03-12,377,3,100
2020-03-12,378,3,10
2020-03-12,379,1,10
2020-03-12,380,2,15
2020-03-12,381,3,1000
2020-03-12,382,2,100
2020-03-12,383,2,10
2020-03-12,384,3,200
2020-03-12,385,0,200
2020-03-12,386,3,15
2020-03-12,387,2,1000
2020-03-12,388,3,10
2020-03-12,389,2,100
2020-03-12,390,2,10
2020-03-12,391,2,200
2020-03-12,392,1,100
2020-03-12,393,0,15
2020-03-12,394,1,1000
2020-03-12,395,1,1000
2020-03-12,396,1,15
2020-03-12,397,2,200
2020-03-12,398,3,10
2020-03-12,399,3,15
2020-03-12,400,0,15
2020-03-12,401,0,1000
2020-03-12,402,2,1000
2020-03-12,403,3,15
2020-03-12,404,2,50
2020-03-12,405,1,200
2020-03-12,406,0,100
2020-03-12,407,0,15
2020-03-12,408,1,15
2020-03-12,409,2,200
2020-03-12,410,0,50
2020-03-12,411,1,50
2020-03-12,412,3,15
2020-03-12,413,1,10
2020-03-12,414,0,100
2020-03-12,415,3,50
2020-03-12,416,0,200
2020-03-12,417,3,15
2020-03-12,418,1,15
2020-03-12,419,0,50
2020-03-12,420,3,50
2020-03-12,421,1,200
2020-03-12,422,3,100
2020-03-12,423,1,15
2020-03-12,424,0,200
2020-03-12,425,0,50
2020-03-12,426,1,50
2020-03-12,427,1,10
2020-03-12,428,1,10
2020-03-12,429,1,10
2020-03-12,430,0,200
2020-03-12,431,1,50
2020-03-12,432,3,100
2020-03-12,433,1,100
2020-03-12,434,1,50
2020-03-12,435,0,200
2020-03-12,436,0,100
2020-03-12,437,2,15
2020-03-12,438,2,200
2020-03-12,439,0,200
2020-03-12,440,2,50
2020-03-12,441,1,15
2020-03-12,442,2,50
2020-03-12,443,0,200
2020-03-12,444,3,100
2020-03-12,445,3,50
2020-03-12,446,2,15
2020-03-12,447,3,100
2020-03-12,448,0,50
2020-03-12,449,2,50
2020-03-12,450,3,1000
2020-03-12,451,2,15
2020-03-12,452,3,200
2020-03-12,453,1,50
2020-03-12,454,2,15
2020-03-12,455,1,1000
2020-03-12,456,2,1000
2020-03-12,457,1,100
2020-03-12,458,1,10
2020-03-12,459,0,15
2020-03-12,460,2,50
2020-03-12,461,1,200
2020-03-12,462,0,200
2020-03-12,463,3,10
2020-03-12,464,2,15
2020-03-12,465,2,100
2020-03-12,466,1,200
2020-03-12,467,2,10
2020-03-12,468,2,200
2020-03-12,469,1,200
2020-03-12,470,1,10
2020-03-12,471,1,50
2020-03-12,472,2,100
2020-03-12,473,2,10
2020-03-12,474,3,10
2020-03-12,475,2,100
2020-03-12,476,2,15
2020-03-12,477,2,1000
2020-03-12,478,0,1000
2020-03-12,479,2,200
2020-03-12,480,2,15
2020-03-12,481,0,50
2020-03-12,482,3,10
2020-03-12,483,0,200
2020-03-12,484,0,10
2020-03-12,485,1,1000
2020-03-12,486,2,200
2020-03-12,487,2,10
2020-03-12,488,3,1000
2020-03-12,489,0,15
2020-03-12,490,1,50
2020-03-12,491,3,1000
2020-03-12,492,1,1000
2020-03-12,493,1,50
2020-03-12,494,3,50
2020-03-12,495,2,50
2020-03-12,496,2,50
2020-03-12,497,2,1000
2020-03-12,498,0,10
2020-03-12,499,2,50
2020-03-12,500,1,10
2020-03-12,501,2,10
2020-03-12,502,0,100
2020-03-12,503,2,15
2020-03-12,504,0,15
2020-03-12,505,2,1000
2020-03-12,506,1,10
2020-03-12,507,1,10
2020-03-12,508,3,200
2020-03-12,509,0,15
2020-03-12,510,3,100
2020-03-12,511,2,100
2020-03-12,512,3,100
2020-03-12,513,1,50
2020-03-12,514,1,100
2020-03-12,515,0,15
2020-03-12,516,3,200
2020-03-12,517,3,1000
2020-03-12,518,0,1000
2020-03-12,519,2,100
2020-03-12,520,1,10
2020-03-12,521,1,15
2020-03-12,522,1,50
2020-03-12,523,2,15
2020-03-12,524,2,200
2020-03-12,525,0,15
2020-03-12,526,0,1000
2020-03-12,527,2,10
2020-03-12,528,1,1000
2020-03-12,529,2,100
2020-03-12,530,3,15
2020-03-12,531,2,10
2020-03-12,532,1,1000
2020-03-12,533,2,10
2020-03-12,534,1,100
2020-03-12,535,3,100
2020-03-12,536,1,10
2020-03-12,537,3,100
2020-03-12,538,1,15
2020-03-12,539,2,15
2020-03-12,540,1,10
2020-03-12,541,2,100
2020-03-12,542,0,200
2020-03-12,543,1,1000
2020-03-12,544,0,10
2020-03-12,545,1,100
2020-03-12,546,1,200
2020-03-12,547,0,10
2020-03-12,548,2,50
2020-03-12,549,1,200
2020-03-12,550,1,200
2020-03-12,551,3,15
2020-03-12,552,0,100
2020-03-12,553,1,200
2020-03-12,554,1,100
2020-03-12,555,1,10
2020-03-12,556,0,1000
2020-03-12,557,2,1000
2020-03-12,558,2,100
2020-03-12,559,2,10
2020-03-12,560,2,10
2020-03-12,561,2,50
2020-03-12,562,3,10
2020-03-12,563,2,200
2020-03-12,564,3,15
2020-03-12,565,2,200
2020-03-12,566,1,1000
2020-03-12,567,3,200
2020-03-12,568,3,50
2020-03-12,569,1,10
2020-03-12,570,1,10
2020-03-12,571,3,10
2020-03-12,572,0,1000
2020-03-12,573,1,1000
2020-03-12,574,2,100
2020-03-12,575,1,15
2020-03-12,576,2,100
2020-03-12,577,0,50
2020-03-12,578,1,15
2020-03-12,579,0,10
2020-03-12,580,1,100
2020-03-12,581,3,100
2020-03-12,582,1,50
2020-03-12,583,0,1000
2020-03-12,584,2,10
2020-03-12,585,1,200
2020-03-12,586,1,100
2020-03-12,587,3,50
2020-03-12,588,2,50
2020-03-12,589,0,50
2020-03-12,590,2,10
2020-03-12,591,0,50
2020-03-12,592,2,10
2020-03-12,593,0,50
2020-03-12,594,1,10
2020-03-12,595,2,100
2020-03-12,596,0,1000
2020-03-12,597,0,200
2020-03-12,598,2,15
2020-03-12,599,0,100
2020-03-12,600,0,100
2020-03-12,601,3,10
2020-03-12,602,1,100
2020-03-12,603,3,10
2020-03-12,604,1,100
2020-03-12,605,1,15
2020-03-12,606,0,15
2020-03-12,607,2,15
2020-03-12,608,3,50
2020-03-12,609,3,50
2020-03-12,610,3,100
2020-03-12,611,2,15
2020-03-12,612,3,50
2020-03-12,613,3,1000
2020-03-12,614,1,50
2020-03-12,615,0,100
2020-03-12,616,3,100
2020-03-12,617,3,100
2020-03-12,618,0,100
2020-03-12,619,0,10
2020-03-12,620,1,200
2020-03-12,621,2,1000
2020-03-12,622,1,200
2020-03-12,623,2,15
2020-03-12,624,3,10
2020-03-12,625,3,50
2020-03-12,626,0,10
2020-03-12,627,1,100
2020-03-12,628,0,1000
2020-03-12,629,2,1000
2020-03-12,630,0,50
2020-03-12,631,2,50
2020-03-12,632,2,10
2020-03-12,633,2,15
2020-03-12,634,2,200
2020-03-12,635,1,1000
2020-03-12,636,0,1000
2020-03-12,637,1,200
2020-03-12,638,3,200
2020-03-12,639,0,200
2020-03-12,640,1,1000
2020-03-12,641,1,10
2020-03-12,642,3,1000
2020-03-12,643,2,1000
2020-03-12,644,3,200
2020-03-12,645,0,100
2020-03-12,646,0,200
2020-03-12,647,3,50
2020-03-12,648,0,200
2020-03-12,649,2,10
2020-03-12,650,0,1000
2020-03-12,651,2,50
2020-03-12,652,1,50
2020-03-12,653,2,10
2020-03-12,654,0,15
2020-03-12,655,0,100
2020-03-12,656,2,200
2020-03-12,657,1,1000
2020-03-12,658,0,100
2020-03-12,659,3,1000
2020-03-12,660,0,200
2020-03-12,661,3,1000
2020-03-12,662,0,100
2020-03-12,663,3,100
2020-03-12,664,1,50
2020-03-12,665,2,50
2020-03-12,666,0,200
2020-03-12,667,0,1000
2020-03-12,668,1,1000
2020-03-12,669,3,15
2020-03-12,670,2,200
2020-03-12,671,1,200
2020-03-12,672,0,1000
2020-03-12,673,2,1000
2020-03-12,674,2,50
2020-03-12,675,2,15
2020-03-12,676,3,10
2020-03-12,677,0,100
2020-03-12,678,3,50
2020-03-12,679,1,200
2020-03-12,680,0,100
2020-03-12,681,2,1000
2020-03-12,682,2,200
2020-03-12,683,3,15
2020-03-12,684,3,15
2020-03-12,685,0,10
2020-03-12,686,3,15
2020-03-12,687,1,100
2020-03-12,688,0,50
2020-03-12,689,2,10
2020-03-12,690,2,1000
2020-03-12,691,1,50
2020-03-12,692,0,100
2020-03-12,693,2,200
2020-03-12,694,2,100
2020-03-12,695,2,1000
2020-03-12,696,2,50
2020-03-12,697,1,1000
2020-03-12,698,2,200
2020-03-12,699,3,50
2020-03-12,700,3,1000
2020-03-12,701,1,1000
2020-03-12,702,3,100
2020-03-12,703,3,10
2020-03-12,704,2,15
2020-03-12,705,2,10
2020-03-12,706,1,50
2020-03-12,707,1,50
2020-03-12,708,0,10
2020-03-12,709,2,10
2020-03-12,710,0,200
2020-03-12,711,3,100
2020-03-12,712,3,200
2020-03-12,713,2,100
2020-03-12,714,0,50
2020-03-12,715,3,1000
2020-03-12,716,1,10
2020-03-12,717,2,100
2020-03-12,718,3,1000
2020-03-12,719,3,200
2020-03-12,720,2,10
2020-03-12,721,3,15
2020-03-12,722,0,10
2020-03-12,723,2,10
2020-03-12,724,1,100
2020-03-12,725,3,10
2020-03-12,726,2,10
2020-03-12,727,0,15
2020-03-12,728,2,10
2020-03-12,729,2,1000
2020-03-12,730,2,1000
2020-03-12,731,0,50
2020-03-12,732,3,50
2020-03-12,733,1,15
2020-03-12,734,2,100
2020-03-12,735,2,200
2020-03-12,736,2,200
2020-03-12,737,3,100
2020-03-12,738,3,15
2020-03-12,739,3,15
2020-03-12,740,1,50
2020-03-12,741,1,15
2020-03-12,742,1,200
2020-03-12,743,3,15
2020-03-12,744,0,1000
2020-03-12,745,2,10
2020-03-12,746,0,100
2020-03-12,747,0,10
2020-03-12,748,0,50
2020-03-12,749,1,100
2020-03-12,750,1,10
2020-03-12,751,2,10
2020-03-12,752,3,50
2020-03-12,753,3,200
2020-03-12,754,2,50
2020-03-12,755,2,100
2020-03-12,756,1,10
2020-03-12,757,0,100
2020-03-12,758,0,15
2020-03-12,759,0,1000
2020-03-12,760,1,10
2020-03-12,761,3,50
2020-03-12,762,3,200
2020-03-12,763,1,15
2020-03-12,764,1,200
2020-03-12,765,2,15
2020-03-12,766,2,1000
2020-03-12,767,1,200
2020-03-12,768,2,100
2020-03-12,769,1,50
2020-03-12,770,1,1000
2020-03-12,771,3,10
2020-03-12,772,0,100
2020-03-12,773,3,15
2020-03-12,774,1,200
2020-03-12,775,3,50
2020-03-12,776,1,50
2020-03-12,777,1,200
2020-03-12,778,1,10
2020-03-12,779,0,100
2020-03-12,780,2,15
2020-03-12,781,0,15
2020-03-12,782,2,100
2020-03-12,783,2,200
2020-03-12,784,0,1000
2020-03-12,785,2,50
2020-03-12,786,0,15
2020-03-12,787,2,200
2020-03-12,788,1,200
2020-03-12,789,3,10
2020-03-12,790,2,15
2020-03-12,791,2,15
2020-03-12,792,0,15
2020-03-12,793,0,100
2020-03-12,794,3,1000
2020-03-12,795,3,15
2020-03-12,796,1,15
2020-03-12,797,0,50
2020-03-12,798,0,200
2020-03-12,799,3,50
2020-03-12,800,3,10
2020-03-12,801,1,200
2020-03-12,802,2,1000
2020-03-12,803,1,200
2020-03-12,804,1,200
2020-03-12,805,3,10
2020-03-12,806,3,10
2020-03-12,807,3,50
2020-03-12,808,0,1000
2020-03-12,809,1,10
2020-03-12,810,1,15
2020-03-12,811,3,15
2020-03-12,812,3,50
2020-03-12,813,0,100
2020-03-12,814,3,50
2020-03-12,815,0,50
2020-03-12,816,2,50
2020-03-12,817,3,15
2020-03-12,818,2,10
2020-03-12,819,1,200
2020-03-12,820,2,50
2020-03-12,821,3,200
2020-03-12,822,3,10
2020-03-12,823,2,100
2020-03-12,824,1,200
2020-03-12,825,2,50
2020-03-12,826,2,15
2020-03-12,827,1,15
2020-03-12,828,3,15
2020-03-12,829,3,15
2020-03-12,830,2,200
2020-03-12,831,2,200
2020-03-12,832,3,10
2020-03-12,833,2,10
2020-03-12,834,1,10
2020-03-12,835,2,50
2020-03-12,836,3,50
2020-03-12,837,1,1000
2020-03-12,838,0,200
2020-03-12,839,0,1000
2020-03-12,840,0,50
2020-03-12,841,0,15
2020-03-12,842,0,15
2020-03-12,843,1,1000
2020-03-12,844,2,1000
2020-03-12,845,3,100
2020-03-12,846,2,200
2020-03-12,847,3,15
2020-03-12,848,1,10
2020-03-12,849,2,15
2020-03-12,850,0,50
2020-03-12,851,2,200
2020-03-12,852,0,15
2020-03-12,853,2,15
2020-03-12,854,0,10
2020-03-12,855,0,15
2020-03-12,856,1,10
2020-03-12,857,0,15
2020-03-12,858,3,50
2020-03-12,859,0,1000
2020-03-12,860,2,100
2020-03-12,861,0,200
2020-03-12,862,0,15
2020-03-12,863,1,10
2020-03-12,864,0,100
2020-03-12,865,1,1000
2020-03-12,866,3,1000
2020-03-12,867,0,15
2020-03-12,868,3,10
2020-03-12,869,0,50
2020-03-12,870,0,15
2020-03-12,871,3,100
2020-03-12,872,2,1000
2020-03-12,873,0,50
2020-03-12,874,0,1000
2020-03-12,875,3,1000
2020-03-12,876,1,15
2020-03-12,877,2,15
2020-03-12,878,3,15
2020-03-12,879,1,1000
2020-03-12,880,2,100
2020-03-12,881,0,10
2020-03-12,882,2,10
2020-03-12,883,0,15
2020-03-12,884,1,1000
2020-03-12,885,2,1000
2020-03-12,886,2,1000
2020-03-12,887,3,1000
2020-03-12,888,1,200
2020-03-12,889,2,100
2020-03-12,890,2,1000
2020-03-12,891,3,1000
2020-03-12,892,3,100
2020-03-12,893,2,100
2020-03-12,894,1,100
2020-03-12,895,0,50
2020-03-12,896,1,100
2020-03-12,897,0,50
2020-03-12,898,0,10
2020-03-12,899,2,10
2020-03-12,900,1,1000
2020-03-12,901,0,200
2020-03-12,902,1,200
2020-03-12,903,3,200
2020-03-12,904,2,15
2020-03-12,905,2,10
2020-03-12,906,0,100
2020-03-12,907,3,15
2020-03-12,908,0,100
2020-03-12,909,3,15
2020-03-12,910,3,10
2020-03-12,911,1,200
2020-03-12,912,0,50
2020-03-12,913,2,15
2020-03-12,914,2,200
2020-03-12,915,2,100
2020-03-12,916,3,15
2020-03-12,917,2,1000
2020-03-12,918,0,10
2020-03-12,919,0,200
2020-03-12,920,1,50
2020-03-12,921,3,10
2020-03-12,922,1,15
2020-03-12,923,2,1000
2020-03-12,924,0,10
2020-03-12,925,0,1000
2020-03-12,926,2,200
2020-03-12,927,0,100
2020-03-12,928,1,10
2020-03-12,929,3,10
2020-03-12,930,3,1000
2020-03-12,931,3,200
2020-03-12,932,3,50
2020-03-12,933,1,10
2020-03-12,934,2,200
2020-03-12,935,3,15
2020-03-12,936,2,15
2020-03-12,937,3,100
2020-03-12,938,3,50
2020-03-12,939,1,10
2020-03-12,940,2,15
2020-03-12,941,3,50
2020-03-12,942,3,100
2020-03-12,943,1,100
2020-03-12,944,2,15
2020-03-12,945,2,100
2020-03-12,946,0,50
2020-03-12,947,0,50
2020-03-12,948,2,200
2020-03-12,949,3,15
2020-03-12,950,3,10
2020-03-12,951,0,100
2020-03-12,952,0,200
2020-03-12,953,1,1000
2020-03-12,954,3,15
2020-03-12,955,3,1000
2020-03-12,956,1,15
2020-03-12,957,3,1000
2020-03-12,958,0,50
2020-03-12,959,1,100
2020-03-12,960,0,100
2020-03-12,961,2,50
2020-03-12,962,2,100
2020-03-12,963,2,200
2020-03-12,964,2,100
2020-03-12,965,1,15
2020-03-12,966,1,15
2020-03-12,967,2,100
2020-03-12,968,2,1000
2020-03-12,969,2,15
2020-03-12,970,1,10
2020-03-12,971,3,10
2020-03-12,972,2,50
2020-03-12,973,1,10
2020-03-12,974,2,50
2020-03-12,975,0,15
2020-03-12,976,0,50
2020-03-12,977,2,15
2020-03-12,978,2,50
2020-03-12,979,3,15
2020-03-12,980,3,50
2020-03-12,981,1,1000
2020-03-12,982,1,100
2020-03-12,983,2,1000
2020-03-12,984,2,100
2020-03-12,985,2,100
2020-03-12,986,0,100
2020-03-12,987,0,100
2020-03-12,988,2,100
2020-03-12,989,1,200
2020-03-12,990,2,10
2020-03-12,991,1,100
2020-03-12,992,2,10
2020-03-12,993,0,100
2020-03-12,994,2,1000
2020-03-12,995,2,200
2020-03-12,996,3,200
2020-03-12,997,0,1000
2020-03-12,998,3,15
2020-03-12,999,2,1000
2020-03-12,1000,2,1000
2020-03-12,1001,0,1000
2020-03-12,1002,0,100
2020-03-12,1003,0,10
2020-03-12,1004,2,100
2020-03-12,1005,2,10
2020-03-12,1006,2,1000
2020-03-12,1007,3,10
2020-03-12,1008,2,200
2020-03-12,1009,1,200
2020-03-12,1010,0,200
2020-03-12,1011,3,50
2020-03-12,1012,0,1000
2020-03-12,1013,3,10
2020-03-12,1014,1,100
2020-03-12,1015,1,200
2020-03-12,1016,1,1000
2020-03-12,1017,1,100
2020-03-12,1018,1,50
2020-03-12,1019,0,200
2020-03-12,1020,2,1000
2020-03-12,1021,0,10
2020-03-12,1022,1,200
2020-03-12,1023,2,50
2020-03-12,1024,0,10
2020-03-12,1025,0,200
2020-03-12,1026,3,100
2020-03-12,1027,0,50
2020-03-12,1028,0,100
2020-03-12,1029,3,1000
2020-03-12,1030,3,10
2020-03-12,1031,1,200
2020-03-12,1032,3,50
2020-03-12,1033,3,200
2020-03-12,1034,3,100
2020-03-12,1035,3,10
2020-03-12,1036,0,50
2020-03-12,1037,1,15
2020-03-12,1038,1,200
2020-03-12,1039,3,1000
2020-03-12,1040,1,50
2020-03-12,1041,0,100
2020-03-12,1042,2,100
2020-03-12,1043,1,200
2020-03-12,1044,3,50
2020-03-12,1045,1,1000
2020-03-12,1046,3,10
2020-03-12,1047,0,1000
2020-03-12,1048,1,1000
2020-03-12,1049,1,15
2020-03-12,1050,3,15
2020-03-12,1051,0,100
2020-03-12,1052,1,10
2020-03-12,1053,0,10
2020-03-12,1054,0,15
2020-03-12,1055,1,10
2020-03-12,1056,1,15
2020-03-12,1057,0,100
2020-03-12,1058,3,1000
2020-03-12,1059,0,10
2020-03-12,1060,3,15
2020-03-12,1061,3,100
2020-03-12,1062,3,10
2020-03-12,1063,0,50
2020-03-12,1064,2,1000
2020-03-12,1065,0,1000
2020-03-12,1066,3,100
2020-03-12,1067,1,15
2020-03-12,1068,2,200
2020-03-12,1069,3,50
2020-03-12,1070,0,15
2020-03-12,1071,3,50
2020-03-12,1072,2,15
2020-03-12,1073,3,200
2020-03-12,1074,3,200
2020-03-12,1075,3,50
2020-03-12,1076,3,50
2020-03-12,1077,1,50
2020-03-12,1078,1,200
2020-03-12,1079,2,100
2020-03-12,1080,2,15
2020-03-12,1081,3,100
2020-03-12,1082,0,10
2020-03-12,1083,3,100
2020-03-12,1084,0,1000
2020-03-12,1085,3,15
2020-03-12,1086,2,15
2020-03-12,1087,0,200
2020-03-12,1088,1,100
2020-03-12,1089,1,200
2020-03-12,1090,2,15
2020-03-12,1091,0,100
2020-03-12,1092,3,15
2020-03-12,1093,1,100
2020-03-12,1094,2,15
2020-03-12,1095,3,1000
2020-03-12,1096,0,1000
2020-03-12,1097,1,15
2020-03-12,1098,1,15
2020-03-12,1099,0,1000
