2020-03-16,100,3,80
2020-03-16,101,0,80
2020-03-16,102,1,20
2020-03-16,103,1,90
2020-03-16,104,1,20
2020-03-16,105,1,50
2020-03-16,106,1,80
2020-03-16,107,3,80
2020-03-16,108,1,50
2020-03-16,109,0,80
2020-03-16,110,2,90
2020-03-16,111,1,50
2020-03-16,112,2,15
2020-03-16,113,1,90
2020-03-16,114,1,15
2020-03-16,115,0,90
2020-03-16,116,1,10
2020-03-16,117,0,15
2020-03-16,118,3,50
2020-03-16,119,0,20
2020-03-16,120,3,50
2020-03-16,121,1,50
2020-03-16,122,2,10
2020-03-16,123,2,80
2020-03-16,124,1,20
2020-03-16,125,1,15
2020-03-16,126,1,90
2020-03-16,127,0,10
2020-03-16,128,2,10
2020-03-16,129,1,80
2020-03-16,130,2,90
2020-03-16,131,0,15
2020-03-16,132,1,10
2020-03-16,133,2,10
2020-03-16,134,3,10
2020-03-16,135,0,90
2020-03-16,136,0,15
2020-03-16,137,2,15
2020-03-16,138,3,10
2020-03-16,139,2,50
2020-03-16,140,0,80
2020-03-16,141,2,50
2020-03-16,142,3,50
2020-03-16,143,1,80
2020-03-16,144,1,20
2020-03-16,145,1,80
2020-03-16,146,2,15
2020-03-16,147,2,90
2020-03-16,148,2,15
2020-03-16,149,2,15
2020-03-16,150,2,10
2020-03-16,151,3,15
2020-03-16,152,0,15
2020-03-16,153,2,90
2020-03-16,154,1,80
2020-03-16,155,0,15
2020-03-16,156,1,90
2020-03-16,157,3,80
2020-03-16,158,3,20
2020-03-16,159,2,10
2020-03-16,160,2,10
2020-03-16,161,2,10
2020-03-16,162,0,20
2020-03-16,163,3,50
2020-03-16,164,3,10
2020-03-16,165,0,80
2020-03-16,166,3,10
2020-03-16,167,2,10
2020-03-16,168,2,50
2020-03-16,169,2,80
2020-03-16,170,0,20
2020-03-16,171,0,50
2020-03-16,172,2,15
2020-03-16,173,2,80
2020-03-16,174,2,20
2020-03-16,175,2,90
2020-03-16,176,0,15
2020-03-16,177,3,15
2020-03-16,178,3,50
2020-03-16,179,3,80
2020-03-16,180,0,80
2020-03-16,181,3,10
2020-03-16,182,3,80
2020-03-16,183,1,80
2020-03-16,184,2,15
2020-03-16,185,1,90
2020-03-16,186,1,90
2020-03-16,187,2,10
2020-03-16,188,1,50
2020-03-16,189,0,90
2020-03-16,190,3,10
2020-03-16,191,0,80
2020-03-16,192,2,80
2020-03-16,193,2,90
2020-03-16,194,1,15
2020-03-16,195,0,15
2020-03-16,196,2,15
2020-03-16,197,0,90
2020-03-16,198,1,80
2020-03-16,199,1,50
2020-03-16,200,1,80
2020-03-16,201,2,15
2020-03-16,202,3,10
2020-03-16,203,2,90
2020-03-16,204,3,10
2020-03-16,205,0,50
2020-03-16,206,0,15
2020-03-16,207,1,20
2020-03-16,208,0,10
2020-03-16,209,1,10
2020-03-16,210,2,20
2020-03-16,211,1,20
2020-03-16,212,0,80
2020-03-16,213,3,50
2020-03-16,214,3,80
2020-03-16,215,2,10
2020-03-16,216,0,20
2020-03-16,217,0,10
2020-03-16,218,3,80
2020-03-16,219,1,50
2020-03-16,220,2,15
2020-03-16,221,0,15
2020-03-16,222,3,50
2020-03-16,223,3,90
2020-03-16,224,1,90
2020-03-16,225,3,50
2020-03-16,226,0,90
2020-03-16,227,2,90
2020-03-16,228,3,15
2020-03-16,229,3,90
2020-03-16,230,3,80
2020-03-16,231,2,10
2020-03-16,232,2,15
2020-03-16,233,2,20
2020-03-16,234,2,20
2020-03-16,235,3,50
2020-03-16,236,2,10
2020-03-16,237,3,50
2020-03-16,238,3,20
2020-03-16,239,2,90
2020-03-16,240,3,10
2020-03-16,241,0,15
2020-03-16,242,2,10
2020-03-16,243,3,20
2020-03-16,244,2,15
2020-03-16,245,1,50
2020-03-16,246,2,90
2020-03-16,247,2,90
2020-03-16,248,2,20
2020-03-16,249,3,90
2020-03-16,250,0,10
2020-03-16,251,3,90
2020-03-16,252,2,90
2020-03-16,253,0,10
2020-03-16,254,0,10
2020-03-16,255,0,50
2020-03-16,256,2,90
2020-03-16,257,1,15
2020-03-16,258,0,80
2020-03-16,259,3,20
2020-03-16,260,1,80
2020-03-16,261,0,20
2020-03-16,262,2,15
2020-03-16,263,2,50
2020-03-16,264,1,80
2020-03-16,265,1,20
2020-03-16,266,2,90
2020-03-16,267,3,80
2020-03-16,268,3,10
2020-03-16,269,3,80
2020-03-16,270,2,10
2020-03-16,271,2,80
2020-03-16,272,1,15
2020-03-16,273,2,90
2020-03-16,274,2,15
2020-03-16,275,2,15
2020-03-16,276,1,20
2020-03-16,277,3,90
2020-03-16,278,0,80
2020-03-16,279,1,90
2020-03-16,280,3,90
2020-03-16,281,2,90
2020-03-16,282,2,15
2020-03-16,283,0,50
2020-03-16,284,1,10
2020-03-16,285,2,20
2020-03-16,286,3,90
2020-03-16,287,0,80
2020-03-16,288,0,50
2020-03-16,289,2,80
2020-03-16,290,0,90
2020-03-16,291,0,50
2020-03-16,292,1,20
2020-03-16,293,2,50
2020-03-16,294,1,15
2020-03-16,295,3,90
2020-03-16,296,0,20
2020-03-16,297,3,80
2020-03-16,298,2,80
2020-03-16,299,1,80
2020-03-16,300,0,80
2020-03-16,301,1,20
2020-03-16,302,3,20
2020-03-16,303,1,80
2020-03-16,304,0,90
2020-03-16,305,3,80
2020-03-16,306,0,15
2020-03-16,307,0,20
2020-03-16,308,0,20
2020-03-16,309,3,50
2020-03-16,310,0,90
2020-03-16,311,2,10
2020-03-16,312,2,80
2020-03-16,313,2,50
2020-03-16,314,3,20
2020-03-16,315,1,50
2020-03-16,316,0,90
2020-03-16,317,2,20
2020-03-16,318,3,50
2020-03-16,319,3,80
2020-03-16,320,2,20
2020-03-16,321,1,90
2020-03-16,322,2,15
2020-03-16,323,0,10
2020-03-16,324,1,10
2020-03-16,325,0,50
2020-03-16,326,1,20
2020-03-16,327,1,15
2020-03-16,328,0,50
2020-03-16,329,3,80
2020-03-16,330,2,90
2020-03-16,331,2,80
2020-03-16,332,3,50
2020-03-16,333,1,50
2020-03-16,334,1,50
2020-03-16,335,2,20
2020-03-16,336,0,50
2020-03-16,337,0,80
2020-03-16,338,1,50
2020-03-16,339,1,80
2020-03-16,340,3,90
2020-03-16,341,1,10
2020-03-16,342,2,20
2020-03-16,343,0,90
2020-03-16,344,2,90
2020-03-16,345,1,15
2020-03-16,346,3,50
2020-03-16,347,3,15
2020-03-16,348,1,90
2020-03-16,349,3,90
2020-03-16,350,2,15
2020-03-16,351,3,50
2020-03-16,352,3,50
2020-03-16,353,2,10
2020-03-16,354,0,80
2020-03-16,355,3,15
2020-03-16,356,1,50
2020-03-16,357,1,20
2020-03-16,358,0,15
2020-03-16,359,1,15
2020-03-16,360,1,50
2020-03-16,361,3,10
2020-03-16,362,1,50
2020-03-16,363,0,15
2020-03-16,364,3,10
2020-03-16,365,2,15
2020-03-16,366,0,90
2020-03-16,367,0,20
2020-03-16,368,3,50
2020-03-16,369,0,10
2020-03-16,370,2,50
2020-03-16,371,3,15
2020-03-16,372,2,20
2020-03-16,373,2,20
2020-03-16,374,1,90
2020-03-16,375,2,20
2020-03-16,376,1,80
2020-03-16,377,3,20
2020-03-16,378,3,90
2020-03-16,379,0,90
2020-03-16,380,0,10
2020-03-16,381,3,20
2020-03-16,382,2,20
2020-03-16,383,2,20
2020-03-16,384,3,15
2020-03-16,385,3,80
2020-03-16,386,2,90
2020-03-16,387,2,10
2020-03-16,388,3,80
2020-03-16,389,0,20
2020-03-16,390,3,50
2020-03-16,391,1,10
2020-03-16,392,0,10
2020-03-16,393,3,80
2020-03-16,394,1,10
2020-03-16,395,1,80
2020-03-16,396,3,50
2020-03-16,397,2,90
2020-03-16,398,0,80
2020-03-16,399,0,50
2020-03-16,400,3,10
2020-03-16,401,2,90
2020-03-16,402,0,10
2020-03-16,403,3,10
2020-03-16,404,2,10
2020-03-16,405,3,50
2020-03-16,406,1,20
2020-03-16,407,1,20
2020-03-16,408,0,90
2020-03-16,409,3,50
2020-03-16,410,2,90
2020-03-16,411,0,10
2020-03-16,412,0,80
2020-03-16,413,0,50
2020-03-16,414,3,50
2020-03-16,415,1,10
2020-03-16,416,0,15
2020-03-16,417,2,80
2020-03-16,418,2,50
2020-03-16,419,2,15
2020-03-16,420,2,80
2020-03-16,421,0,80
2020-03-16,422,3,20
2020-03-16,423,0,50
2020-03-16,424,1,50
2020-03-16,425,3,50
2020-03-16,426,3,15
2020-03-16,427,1,50
2020-03-16,428,0,80
2020-03-16,429,0,80
2020-03-16,430,0,90
2020-03-16,431,0,50
2020-03-16,432,2,20
2020-03-16,433,2,15
2020-03-16,434,3,80
2020-03-16,435,1,20
2020-03-16,436,2,15
2020-03-16,437,3,10
2020-03-16,438,2,10
2020-03-16,439,0,20
2020-03-16,440,1,10
2020-03-16,441,2,20
2020-03-16,442,3,50
2020-03-16,443,1,10
2020-03-16,444,1,20
2020-03-16,445,3,50
2020-03-16,446,1,15
2020-03-16,447,3,50
2020-03-16,448,3,15
2020-03-16,449,2,50
2020-03-16,450,2,10
2020-03-16,451,1,80
2020-03-16,452,2,80
2020-03-16,453,2,20
2020-03-16,454,1,80
2020-03-16,455,1,80
2020-03-16,456,1,50
2020-03-16,457,2,90
2020-03-16,458,0,20
2020-03-16,459,0,20
2020-03-16,460,3,10
2020-03-16,461,2,90
2020-03-16,462,2,20
2020-03-16,463,3,80
2020-03-16,464,3,80
2020-03-16,465,1,10
2020-03-16,466,0,80
2020-03-16,467,1,90
2020-03-16,468,0,90
2020-03-16,469,3,50
2020-03-16,470,2,10
2020-03-16,471,1,20
2020-03-16,472,2,80
2020-03-16,473,0,10
2020-03-16,474,3,10
2020-03-16,475,0,90
2020-03-16,476,2,15
2020-03-16,477,1,90
2020-03-16,478,0,50
2020-03-16,479,2,10
2020-03-16,480,1,90
2020-03-16,481,2,90
2020-03-16,482,0,50
2020-03-16,483,0,10
2020-03-16,484,1,20
2020-03-16,485,3,10
2020-03-16,486,2,10
2020-03-16,487,2,90
2020-03-16,488,2,90
2020-03-16,489,3,10
2020-03-16,490,1,50
2020-03-16,491,0,50
2020-03-16,492,3,20
2020-03-16,493,1,80
2020-03-16,494,3,20
2020-03-16,495,2,15
2020-03-16,496,1,50
2020-03-16,497,0,15
2020-03-16,498,3,90
2020-03-16,499,2,50
2020-03-16,500,1,50
2020-03-16,501,2,50
2020-03-16,502,0,15
2020-03-16,503,2,10
2020-03-16,504,0,50
2020-03-16,505,3,50
2020-03-16,506,3,80
2020-03-16,507,3,10
2020-03-16,508,1,80
2020-03-16,509,3,50
2020-03-16,510,1,20
2020-03-16,511,2,80
2020-03-16,512,0,15
2020-03-16,513,1,90
2020-03-16,514,0,80
2020-03-16,515,1,90
2020-03-16,516,1,15
2020-03-16,517,0,20
2020-03-16,518,1,20
2020-03-16,519,2,20
2020-03-16,520,3,90
2020-03-16,521,0,15
2020-03-16,522,1,80
2020-03-16,523,0,20
2020-03-16,524,3,10
2020-03-16,525,0,15
2020-03-16,526,3,90
2020-03-16,527,2,90
2020-03-16,528,1,15
2020-03-16,529,0,15
2020-03-16,530,1,90
2020-03-16,531,2,20
2020-03-16,532,0,50
2020-03-16,533,3,50
2020-03-16,534,2,50
2020-03-16,535,1,15
2020-03-16,536,0,15
2020-03-16,537,2,20
2020-03-16,538,2,80
2020-03-16,539,2,50
2020-03-16,540,1,90
2020-03-16,541,0,90
2020-03-16,542,3,20
2020-03-16,543,2,20
2020-03-16,544,2,80
2020-03-16,545,1,15
2020-03-16,546,2,50
2020-03-16,547,1,90
2020-03-16,548,0,10
2020-03-16,549,1,90
2020-03-16,550,1,10
2020-03-16,551,0,20
2020-03-16,552,2,15
2020-03-16,553,1,90
2020-03-16,554,0,80
2020-03-16,555,2,10
2020-03-16,556,1,90
2020-03-16,557,3,15
2020-03-16,558,3,50
2020-03-16,559,0,15
2020-03-16,560,1,90
2020-03-16,561,1,15
2020-03-16,562,2,50
2020-03-16,563,1,80
2020-03-16,564,3,80
2020-03-16,565,1,80
2020-03-16,566,0,10
2020-03-16,567,2,50
2020-03-16,568,3,80
2020-03-16,569,3,20
2020-03-16,570,1,15
2020-03-16,571,3,20
2020-03-16,572,1,10
2020-03-16,573,1,15
2020-03-16,574,0,15
2020-03-16,575,0,50
2020-03-16,576,3,50
2020-03-16,577,2,20
2020-03-16,578,1,10
2020-03-16,579,1,20
2020-03-16,580,1,10
2020-03-16,581,1,80
2020-03-16,582,0,20
2020-03-16,583,0,20
2020-03-16,584,0,80
2020-03-16,585,2,50
2020-03-16,586,3,90
2020-03-16,587,2,20
2020-03-16,588,2,80
2020-03-16,589,3,80
2020-03-16,590,0,10
2020-03-16,591,2,15
2020-03-16,592,0,90
2020-03-16,593,1,80
2020-03-16,594,2,15
2020-03-16,595,3,90
2020-03-16,596,0,15
2020-03-16,597,2,90
2020-03-16,598,0,20
2020-03-16,599,1,20
2020-03-16,600,1,15
2020-03-16,601,0,50
2020-03-16,602,0,90
2020-03-16,603,2,10
2020-03-16,604,0,50
2020-03-16,605,3,15
2020-03-16,606,0,10
2020-03-16,607,1,15
2020-03-16,608,2,80
2020-03-16,609,3,15
2020-03-16,610,3,10
2020-03-16,611,3,10
2020-03-16,612,1,50
2020-03-16,613,3,50
2020-03-16,614,0,20
2020-03-16,615,2,80
2020-03-16,616,0,15
2020-03-16,617,2,80
2020-03-16,618,2,90
2020-03-16,619,2,50
2020-03-16,620,2,15
2020-03-16,621,3,90
2020-03-16,622,0,50
2020-03-16,623,2,20
2020-03-16,624,2,90
2020-03-16,625,1,90
2020-03-16,626,1,90
2020-03-16,627,0,10
2020-03-16,628,3,80
2020-03-16,629,2,90
2020-03-16,630,3,90
2020-03-16,631,2,15
2020-03-16,632,3,10
2020-03-16,633,0,15
2020-03-16,634,3,10
2020-03-16,635,1,90
2020-03-16,636,0,50
2020-03-16,637,2,80
2020-03-16,638,0,20
2020-03-16,639,0,10
2020-03-16,640,1,50
2020-03-16,641,2,20
2020-03-16,642,2,80
2020-03-16,643,3,50
2020-03-16,644,2,80
2020-03-16,645,3,20
2020-03-16,646,0,10
2020-03-16,647,2,80
2020-03-16,648,0,15
2020-03-16,649,1,50
2020-03-16,650,3,90
2020-03-16,651,2,10
2020-03-16,652,0,90
2020-03-16,653,0,80
2020-03-16,654,0,10
2020-03-16,655,0,50
2020-03-16,656,3,80
2020-03-16,657,0,80
2020-03-16,658,2,50
2020-03-16,659,1,80
2020-03-16,660,3,50
2020-03-16,661,3,50
2020-03-16,662,2,10
2020-03-16,663,3,80
2020-03-16,664,3,10
2020-03-16,665,1,80
2020-03-16,666,0,50
2020-03-16,667,1,50
2020-03-16,668,3,80
2020-03-16,669,0,10
2020-03-16,670,0,10
2020-03-16,671,3,10
2020-03-16,672,2,15
2020-03-16,673,3,15
2020-03-16,674,0,50
2020-03-16,675,3,10
2020-03-16,676,0,15
2020-03-16,677,0,50
2020-03-16,678,0,90
2020-03-16,679,3,10
2020-03-16,680,2,10
2020-03-16,681,1,20
2020-03-16,682,0,20
2020-03-16,683,3,15
2020-03-16,684,1,90
2020-03-16,685,0,15
2020-03-16,686,3,90
2020-03-16,687,2,50
2020-03-16,688,3,20
2020-03-16,689,0,80
2020-03-16,690,0,90
2020-03-16,691,0,15
2020-03-16,692,2,80
2020-03-16,693,3,90
2020-03-16,694,3,20
2020-03-16,695,0,20
2020-03-16,696,1,80
2020-03-16,697,1,15
2020-03-16,698,1,15
2020-03-16,699,3,90
2020-03-16,700,2,80
2020-03-16,701,3,80
2020-03-16,702,0,80
2020-03-16,703,1,20
2020-03-16,704,0,90
2020-03-16,705,3,50
2020-03-16,706,0,15
2020-03-16,707,0,80
2020-03-16,708,2,90
2020-03-16,709,3,50
2020-03-16,710,2,20
2020-03-16,711,0,20
2020-03-16,712,2,80
2020-03-16,713,3,50
2020-03-16,714,1,20
2020-03-16,715,2,20
2020-03-16,716,1,90
2020-03-16,717,3,50
2020-03-16,718,0,50
2020-03-16,719,0,90
2020-03-16,720,3,10
2020-03-16,721,1,10
2020-03-16,722,0,15
2020-03-16,723,1,90
2020-03-16,724,3,20
2020-03-16,725,0,50
2020-03-16,726,1,90
2020-03-16,727,0,10
2020-03-16,728,2,15
2020-03-16,729,0,50
2020-03-16,730,3,20
2020-03-16,731,1,80
2020-03-16,732,0,50
2020-03-16,733,2,50
2020-03-16,734,1,80
2020-03-16,735,0,80
2020-03-16,736,0,90
2020-03-16,737,1,50
2020-03-16,738,0,90
2020-03-16,739,3,50
2020-03-16,740,0,15
2020-03-16,741,2,10
2020-03-16,742,1,50
2020-03-16,743,2,20
2020-03-16,744,0,90
2020-03-16,745,0,90
2020-03-16,746,2,15
2020-03-16,747,0,80
2020-03-16,748,0,90
2020-03-16,749,3,15
2020-03-16,750,0,10
2020-03-16,751,0,15
2020-03-16,752,0,15
2020-03-16,753,0,20
2020-03-16,754,3,50
2020-03-16,755,0,20
2020-03-16,756,3,10
2020-03-16,757,1,10
2020-03-16,758,2,80
2020-03-16,759,1,80
2020-03-16,760,1,20
2020-03-16,761,2,50
2020-03-16,762,1,15
2020-03-16,763,2,15
2020-03-16,764,3,15
2020-03-16,765,3,10
2020-03-16,766,1,50
2020-03-16,767,0,15
2020-03-16,768,3,50
2020-03-16,769,1,80
2020-03-16,770,0,90
2020-03-16,771,1,50
2020-03-16,772,3,20
2020-03-16,773,1,15
2020-03-16,774,1,20
2020-03-16,775,1,10
2020-03-16,776,3,80
2020-03-16,777,3,10
2020-03-16,778,2,80
2020-03-16,779,2,80
2020-03-16,780,0,50
2020-03-16,781,1,80
2020-03-16,782,0,80
2020-03-16,783,1,10
2020-03-16,784,2,80
2020-03-16,785,1,15
2020-03-16,786,3,80
2020-03-16,787,1,10
2020-03-16,788,2,80
2020-03-16,789,3,15
2020-03-16,790,3,15
2020-03-16,791,3,20
2020-03-16,792,0,15
2020-03-16,793,0,90
2020-03-16,794,3,15
2020-03-16,795,0,90
2020-03-16,796,3,80
2020-03-16,797,0,15
2020-03-16,798,1,50
2020-03-16,799,1,20
2020-03-16,800,3,20
2020-03-16,801,1,80
2020-03-16,802,3,80
2020-03-16,803,3,90
2020-03-16,804,1,10
2020-03-16,805,1,10
2020-03-16,806,1,90
2020-03-16,807,0,10
2020-03-16,808,3,20
2020-03-16,809,0,90
2020-03-16,810,3,90
2020-03-16,811,0,80
2020-03-16,812,3,10
2020-03-16,813,0,90
2020-03-16,814,2,20
2020-03-16,815,0,50
2020-03-16,816,2,10
2020-03-16,817,2,80
2020-03-16,818,0,90
2020-03-16,819,3,20
2020-03-16,820,3,90
2020-03-16,821,1,10
2020-03-16,822,3,90
2020-03-16,823,3,50
2020-03-16,824,2,10
2020-03-16,825,2,10
2020-03-16,826,3,50
2020-03-16,827,3,10
2020-03-16,828,3,90
2020-03-16,829,0,15
2020-03-16,830,2,80
2020-03-16,831,3,50
2020-03-16,832,2,20
2020-03-16,833,2,50
2020-03-16,834,2,50
2020-03-16,835,2,10
2020-03-16,836,0,80
2020-03-16,837,0,15
2020-03-16,838,3,10
2020-03-16,839,0,90
2020-03-16,840,1,50
2020-03-16,841,3,80
2020-03-16,842,0,20
2020-03-16,843,3,15
2020-03-16,844,3,15
2020-03-16,845,1,10
2020-03-16,846,1,20
2020-03-16,847,0,15
2020-03-16,848,3,80
2020-03-16,849,1,20
2020-03-16,850,1,10
2020-03-16,851,2,90
2020-03-16,852,2,80
2020-03-16,853,0,90
2020-03-16,854,3,80
2020-03-16,855,2,10
2020-03-16,856,0,50
2020-03-16,857,2,10
2020-03-16,858,2,15
2020-03-16,859,0,50
2020-03-16,860,2,15
2020-03-16,861,1,20
2020-03-16,862,1,20
2020-03-16,863,1,15
2020-03-16,864,1,10
2020-03-16,865,1,90
2020-03-16,866,2,90
2020-03-16,867,0,20
2020-03-16,868,2,50
2020-03-16,869,0,10
2020-03-16,870,2,15
2020-03-16,871,3,90
2020-03-16,872,2,10
2020-03-16,873,2,50
2020-03-16,874,2,20
2020-03-16,875,0,50
2020-03-16,876,3,80
2020-03-16,877,2,10
2020-03-16,878,3,80
2020-03-16,879,1,50
2020-03-16,880,1,90
2020-03-16,881,1,20
2020-03-16,882,1,10
2020-03-16,883,3,20
2020-03-16,884,1,90
2020-03-16,885,2,10
2020-03-16,886,1,50
2020-03-16,887,3,50
2020-03-16,888,1,15
2020-03-16,889,2,15
2020-03-16,890,1,15
2020-03-16,891,1,90
2020-03-16,892,2,10
2020-03-16,893,0,15
2020-03-16,894,0,90
2020-03-16,895,0,15
2020-03-16,896,2,15
2020-03-16,897,1,50
2020-03-16,898,2,50
2020-03-16,899,2,10
2020-03-16,900,0,80
2020-03-16,901,2,20
2020-03-16,902,2,80
2020-03-16,903,3,10
2020-03-16,904,0,80
2020-03-16,905,2,15
2020-03-16,906,0,90
2020-03-16,907,3,15
2020-03-16,908,3,20
2020-03-16,909,3,80
2020-03-16,910,1,90
2020-03-16,911,1,90
2020-03-16,912,2,50
2020-03-16,913,3,15
2020-03-16,914,1,50
2020-03-16,915,2,90
2020-03-16,916,3,50
2020-03-16,917,1,15
2020-03-16,918,3,15
2020-03-16,919,1,90
2020-03-16,920,0,10
2020-03-16,921,1,80
2020-03-16,922,0,15
2020-03-16,923,0,80
2020-03-16,924,1,10
2020-03-16,925,0,15
2020-03-16,926,3,90
2020-03-16,927,2,80
2020-03-16,928,2,15
2020-03-16,929,2,90
2020-03-16,930,1,50
2020-03-16,931,0,20
2020-03-16,932,2,10
2020-03-16,933,2,90
2020-03-16,934,3,80
2020-03-16,935,0,90
2020-03-16,936,2,10
2020-03-16,937,1,80
2020-03-16,938,0,15
2020-03-16,939,1,80
2020-03-16,940,1,20
2020-03-16,941,1,80
2020-03-16,942,0,50
2020-03-16,943,0,50
2020-03-16,944,3,50
2020-03-16,945,1,20
2020-03-16,946,2,90
2020-03-16,947,2,90
2020-03-16,948,1,90
2020-03-16,949,1,20
2020-03-16,950,2,20
2020-03-16,951,3,90
2020-03-16,952,2,90
2020-03-16,953,1,90
2020-03-16,954,2,10
2020-03-16,955,3,80
2020-03-16,956,1,50
2020-03-16,957,0,50
2020-03-16,958,2,90
2020-03-16,959,1,20
2020-03-16,960,3,90
2020-03-16,961,1,50
2020-03-16,962,2,50
2020-03-16,963,2,10
2020-03-16,964,3,80
2020-03-16,965,2,20
2020-03-16,966,3,20
2020-03-16,967,2,90
2020-03-16,968,3,10
2020-03-16,969,0,50
2020-03-16,970,3,20
2020-03-16,971,1,20
2020-03-16,972,1,50
2020-03-16,973,1,10
2020-03-16,974,1,10
2020-03-16,975,3,50
2020-03-16,976,1,15
2020-03-16,977,3,80
2020-03-16,978,1,90
2020-03-16,979,0,20
2020-03-16,980,2,50
2020-03-16,981,3,15
2020-03-16,982,3,90
2020-03-16,983,0,15
2020-03-16,984,0,20
2020-03-16,985,3,90
2020-03-16,986,0,20
2020-03-16,987,3,15
2020-03-16,988,1,20
2020-03-16,989,1,10
2020-03-16,990,2,50
2020-03-16,991,0,50
2020-03-16,992,1,90
2020-03-16,993,0,20
2020-03-16,994,1,50
2020-03-16,995,3,90
2020-03-16,996,1,10
2020-03-16,997,3,80
2020-03-16,998,0,15
2020-03-16,999,0,90
2020-03-16,1000,0,20
2020-03-16,1001,2,20
2020-03-16,1002,0,10
2020-03-16,1003,0,90
2020-03-16,1004,0,20
2020-03-16,1005,3,50
2020-03-16,1006,1,50
2020-03-16,1007,1,90
2020-03-16,1008,3,80
2020-03-16,1009,1,90
2020-03-16,1010,3,15
2020-03-16,1011,2,10
2020-03-16,1012,2,15
2020-03-16,1013,1,20
2020-03-16,1014,2,50
2020-03-16,1015,1,90
2020-03-16,1016,2,20
2020-03-16,1017,1,10
2020-03-16,1018,3,80
2020-03-16,1019,1,50
2020-03-16,1020,1,80
2020-03-16,1021,0,20
2020-03-16,1022,3,10
2020-03-16,1023,1,90
2020-03-16,1024,3,20
2020-03-16,1025,3,15
2020-03-16,1026,2,50
2020-03-16,1027,3,20
2020-03-16,1028,0,15
2020-03-16,1029,1,10
2020-03-16,1030,0,10
2020-03-16,1031,3,20
2020-03-16,1032,1,90
2020-03-16,1033,0,15
2020-03-16,1034,3,90
2020-03-16,1035,1,20
2020-03-16,1036,1,15
2020-03-16,1037,2,15
2020-03-16,1038,0,90
2020-03-16,1039,2,20
2020-03-16,1040,2,90
2020-03-16,1041,0,20
2020-03-16,1042,2,80
2020-03-16,1043,0,20
2020-03-16,1044,3,80
2020-03-16,1045,1,15
2020-03-16,1046,2,90
2020-03-16,1047,2,15
2020-03-16,1048,1,20
2020-03-16,1049,1,10
2020-03-16,1050,1,10
2020-03-16,1051,1,10
2020-03-16,1052,1,90
2020-03-16,1053,1,20
2020-03-16,1054,0,80
2020-03-16,1055,2,20
2020-03-16,1056,2,10
2020-03-16,1057,3,80
2020-03-16,1058,0,15
2020-03-16,1059,2,80
2020-03-16,1060,1,20
2020-03-16,1061,0,10
2020-03-16,1062,3,10
2020-03-16,1063,1,50
2020-03-16,1064,0,15
2020-03-16,1065,0,50
2020-03-16,1066,2,20
2020-03-16,1067,3,10
2020-03-16,1068,3,10
2020-03-16,1069,0,50
2020-03-16,1070,0,20
2020-03-16,1071,1,50
2020-03-16,1072,3,15
2020-03-16,1073,0,80
2020-03-16,1074,2,50
2020-03-16,1075,1,10
2020-03-16,1076,0,80
2020-03-16,1077,2,50
2020-03-16,1078,1,15
2020-03-16,1079,1,10
2020-03-16,1080,3,90
2020-03-16,1081,0,15
2020-03-16,1082,3,90
2020-03-16,1083,2,50
2020-03-16,1084,0,15
2020-03-16,1085,3,20
2020-03-16,1086,2,90
2020-03-16,1087,3,80
2020-03-16,1088,2,90
2020-03-16,1089,3,90
2020-03-16,1090,1,50
2020-03-16,1091,3,20
2020-03-16,1092,1,80
2020-03-16,1093,2,50
2020-03-16,1094,3,80
2020-03-16,1095,0,10
2020-03-16,1096,1,80
2020-03-16,1097,2,80
2020-03-16,1098,2,10
2020-03-16,1099,2,80
