2020-03-18,100,3,100
2020-03-18,101,0,50
2020-03-18,102,2,50
2020-03-18,103,2,200
2020-03-18,104,0,50
2020-03-18,105,3,10
2020-03-18,106,3,50
2020-03-18,107,2,200
2020-03-18,108,0,50
2020-03-18,109,1,10
2020-03-18,110,1,10
2020-03-18,111,3,1000
2020-03-18,112,2,200
2020-03-18,113,3,50
2020-03-18,114,2,15
2020-03-18,115,1,50
2020-03-18,116,0,10
2020-03-18,117,2,1000
2020-03-18,118,2,10
2020-03-18,119,0,1000
2020-03-18,120,2,10
2020-03-18,121,0,50
2020-03-18,122,2,50
2020-03-18,123,0,200
2020-03-18,124,3,1000
2020-03-18,125,3,50
2020-03-18,126,1,10
2020-03-18,127,0,100
2020-03-18,128,2,200
2020-03-18,129,0,100
2020-03-18,130,3,200
2020-03-18,131,3,50
2020-03-18,132,2,50
2020-03-18,133,2,10
2020-03-18,134,2,15
2020-03-18,135,0,10
2020-03-18,136,1,10
2020-03-18,137,3,1000
2020-03-18,138,1,50
2020-03-18,139,2,10
2020-03-18,140,1,1000
2020-03-18,141,2,50
2020-03-18,142,1,1000
2020-03-18,143,1,15
2020-03-18,144,1,1000
2020-03-18,145,1,200
2020-03-18,146,0,15
2020-03-18,147,0,15
2020-03-18,148,2,200
2020-03-18,149,1,1000
2020-03-18,150,3,50
2020-03-18,151,2,50
2020-03-18,152,2,200
2020-03-18,153,3,1000
2020-03-18,154,0,200
2020-03-18,155,0,200
2020-03-18,156,2,10
2020-03-18,157,2,200
2020-03-18,158,0,15
2020-03-18,159,0,10
2020-03-18,160,3,50
2020-03-18,161,2,100
2020-03-18,162,1,200
2020-03-18,163,3,50
2020-03-18,164,3,50
2020-03-18,165,2,10
2020-03-18,166,0,200
2020-03-18,167,0,200
2020-03-18,168,0,10
2020-03-18,169,0,200
2020-03-18,170,1,100
2020-03-18,171,0,15
2020-03-18,172,2,100
2020-03-18,173,3,100
2020-03-18,174,0,50
2020-03-18,175,0,1000
2020-03-18,176,3,50
2020-03-18,177,0,1000
2020-03-18,178,1,100
2020-03-18,179,0,200
2020-03-18,180,1,200
2020-03-18,181,1,100
2020-03-18,182,1,200
2020-03-18,183,1,15
2020-03-18,184,0,15
2020-03-18,185,3,15
2020-03-18,186,2,10
2020-03-18,187,2,100
2020-03-18,188,2,100
2020-03-18,189,1,200
2020-03-18,190,2,100
2020-03-18,191,1,15
2020-03-18,192,0,100
2020-03-18,193,2,200
2020-03-18,194,3,10
2020-03-18,195,2,100
2020-03-18,196,0,10
2020-03-18,197,0,50
2020-03-18,198,3,100
2020-03-18,199,1,10
2020-03-18,200,1,100
2020-03-18,201,3,15
2020-03-18,202,3,1000
2020-03-18,203,3,200
2020-03-18,204,1,200
2020-03-18,205,0,15
2020-03-18,206,2,15
2020-03-18,207,0,100
2020-03-18,208,1,10
2020-03-18,209,2,1000
2020-03-18,210,3,100
2020-03-18,211,1,15
2020-03-18,212,0,1000
2020-03-18,213,3,50
2020-03-18,214,0,1000
2020-03-18,215,0,50
2020-03-18,216,1,15
2020-03-18,217,3,50
2020-03-18,218,1,10
2020-03-18,219,1,10
2020-03-18,220,1,50
2020-03-18,221,2,200
2020-03-18,222,1,15
2020-03-18,223,3,10
2020-03-18,224,3,200
2020-03-18,225,0,1000
2020-03-18,226,0,50
2020-03-18,227,2,50
2020-03-18,228,2,1000
2020-03-18,229,2,10
2020-03-18,230,0,50
2020-03-18,231,2,15
2020-03-18,232,1,1000
2020-03-18,233,2,1000
2020-03-18,234,1,100
2020-03-18,235,0,50
2020-03-18,236,2,1000
2020-03-18,237,1,50
2020-03-18,238,3,10
2020-03-18,239,2,10
2020-03-18,240,3,100
2020-03-18,241,0,10
2020-03-18,242,2,1000
2020-03-18,243,0,100
2020-03-18,244,2,200
2020-03-18,245,1,15
2020-03-18,246,2,100
2020-03-18,247,0,10
2020-03-18,248,2,15
2020-03-18,249,2,1000
2020-03-18,250,3,1000
2020-03-18,251,1,100
2020-03-18,252,2,200
2020-03-18,253,0,100
2020-03-18,254,1,50
2020-03-18,255,2,200
2020-03-18,256,2,15
2020-03-18,257,2,50
2020-03-18,258,0,1000
2020-03-18,259,2,50
2020-03-18,260,0,15
2020-03-18,261,1,100
2020-03-18,262,3,50
2020-03-18,263,2,50
2020-03-18,264,3,200
2020-03-18,265,1,100
2020-03-18,266,2,15
2020-03-18,267,2,200
2020-03-18,268,1,10
2020-03-18,269,3,10
2020-03-18,270,1,100
2020-03-18,271,0,50
2020-03-18,272,0,200
2020-03-18,273,1,100
2020-03-18,274,0,1000
2020-03-18,275,0,1000
2020-03-18,276,3,15
2020-03-18,277,3,15
2020-03-18,278,1,200
2020-03-18,279,3,100
2020-03-18,280,2,1000
2020-03-18,281,2,15
2020-03-18,282,2,1000
2020-03-18,283,3,100
2020-03-18,284,2,100
2020-03-18,285,2,10
2020-03-18,286,0,100
2020-03-18,287,3,10
2020-03-18,288,0,15
2020-03-18,289,1,10
2020-03-18,290,1,50
2020-03-18,291,1,1000
2020-03-18,292,1,10
2020-03-18,293,2,200
2020-03-18,294,3,100
2020-03-18,295,0,15
2020-03-18,296,3,100
2020-03-18,297,2,200
2020-03-18,298,2,50
2020-03-18,299,0,10
2020-03-18,300,3,10
2020-03-18,301,2,1000
2020-03-18,302,3,10
2020-03-18,303,3,15
2020-03-18,304,2,100
2020-03-18,305,0,1000
2020-03-18,306,3,100
2020-03-18,307,0,10
2020-03-18,308,1,100
2020-03-18,309,3,10
2020-03-18,310,2,10
2020-03-18,311,3,10
2020-03-18,312,2,15
2020-03-18,313,0,1000
2020-03-18,314,0,100
2020-03-18,315,1,50
2020-03-18,316,3,1000
2020-03-18,317,1,15
2020-03-18,318,0,15
2020-03-18,319,1,1000
2020-03-18,320,1,50
2020-03-18,321,2,10
2020-03-18,322,2,10
2020-03-18,323,0,15
2020-03-18,324,2,10
2020-03-18,325,1,50
2020-03-18,326,0,50
2020-03-18,327,0,10
2020-03-18,328,1,200
2020-03-18,329,2,200
2020-03-18,330,0,200
2020-03-18,331,0,1000
2020-03-18,332,2,1000
2020-03-18,333,1,15
2020-03-18,334,2,100
2020-03-18,335,1,200
2020-03-18,336,2,200
2020-03-18,337,2,1000
2020-03-18,338,0,10
2020-03-18,339,1,50
2020-03-18,340,1,50
2020-03-18,341,3,1000
2020-03-18,342,2,50
2020-03-18,343,2,15
2020-03-18,344,1,10
2020-03-18,345,2,15
2020-03-18,346,0,50
2020-03-18,347,2,200
2020-03-18,348,0,50
2020-03-18,349,1,15
2020-03-18,350,1,100
2020-03-18,351,3,10
2020-03-18,352,2,50
2020-03-18,353,2,1000
2020-03-18,354,3,50
2020-03-18,355,1,200
2020-03-18,356,3,100
2020-03-18,357,0,10
2020-03-18,358,0,200
2020-03-18,359,2,1000
2020-03-18,360,1,200
2020-03-18,361,1,10
2020-03-18,362,1,10
2020-03-18,363,3,15
2020-03-18,364,1,15
2020-03-18,365,2,200
2020-03-18,366,2,50
2020-03-18,367,3,1000
2020-03-18,368,1,1000
2020-03-18,369,0,50
2020-03-18,370,2,10
2020-03-18,371,2,100
2020-03-18,372,3,15
2020-03-18,373,0,15
2020-03-18,374,1,1000
2020-03-18,375,3,50
2020-03-18,376,3,50
2020-03-18,377,1,15
2020-03-18,378,3,100
2020-03-18,379,2,100
2020-03-18,380,1,1000
2020-03-18,381,1,200
2020-03-18,382,2,100
2020-03-18,383,0,50
2020-03-18,384,0,10
2020-03-18,385,3,1000
2020-03-18,386,2,15
2020-03-18,387,1,1000
2020-03-18,388,3,15
2020-03-18,389,2,100
2020-03-18,390,0,10
2020-03-18,391,0,15
2020-03-18,392,1,50
2020-03-18,393,2,1000
2020-03-18,394,3,15
2020-03-18,395,0,100
2020-03-18,396,2,10
2020-03-18,397,3,200
2020-03-18,398,1,100
2020-03-18,399,2,10
2020-03-18,400,0,1000
2020-03-18,401,2,1000
2020-03-18,402,3,200
2020-03-18,403,2,100
2020-03-18,404,2,50
2020-03-18,405,2,50
2020-03-18,406,0,10
2020-03-18,407,2,200
2020-03-18,408,2,200
2020-03-18,409,2,200
2020-03-18,410,0,10
2020-03-18,411,2,15
2020-03-18,412,2,15
2020-03-18,413,0,1000
2020-03-18,414,0,10
2020-03-18,415,0,10
2020-03-18,416,3,15
2020-03-18,417,0,50
2020-03-18,418,1,100
2020-03-18,419,0,1000
2020-03-18,420,0,10
2020-03-18,421,1,1000
2020-03-18,422,1,10
2020-03-18,423,2,50
2020-03-18,424,3,100
2020-03-18,425,3,100
2020-03-18,426,1,10
2020-03-18,427,1,10
2020-03-18,428,1,15
2020-03-18,429,1,100
2020-03-18,430,2,15
2020-03-18,431,1,100
2020-03-18,432,3,15
2020-03-18,433,1,1000
2020-03-18,434,3,15
2020-03-18,435,3,15
2020-03-18,436,0,10
2020-03-18,437,0,50
2020-03-18,438,3,200
2020-03-18,439,3,200
2020-03-18,440,2,15
2020-03-18,441,1,15
2020-03-18,442,3,200
2020-03-18,443,0,100
2020-03-18,444,2,1000
2020-03-18,445,1,200
2020-03-18,446,3,50
2020-03-18,447,1,15
2020-03-18,448,2,15
2020-03-18,449,0,10
2020-03-18,450,2,100
2020-03-18,451,1,15
2020-03-18,452,2,10
2020-03-18,453,1,1000
2020-03-18,454,1,50
2020-03-18,455,3,10
2020-03-18,456,0,10
2020-03-18,457,3,15
2020-03-18,458,2,50
2020-03-18,459,3,1000
2020-03-18,460,2,100
2020-03-18,461,3,10
2020-03-18,462,1,10
2020-03-18,463,0,50
2020-03-18,464,1,100
2020-03-18,465,3,200
2020-03-18,466,1,50
2020-03-18,467,1,50
2020-03-18,468,1,100
2020-03-18,469,1,200
2020-03-18,470,2,100
2020-03-18,471,3,15
2020-03-18,472,1,200
2020-03-18,473,1,1000
2020-03-18,474,1,10
2020-03-18,475,3,50
2020-03-18,476,3,200
2020-03-18,477,2,50
2020-03-18,478,2,1000
2020-03-18,479,2,10
2020-03-18,480,3,200
2020-03-18,481,3,15
2020-03-18,482,0,200
2020-03-18,483,0,1000
2020-03-18,484,2,200
2020-03-18,485,0,15
2020-03-18,486,1,200
2020-03-18,487,3,15
2020-03-18,488,1,50
2020-03-18,489,2,100
2020-03-18,490,0,50
2020-03-18,491,0,50
2020-03-18,492,2,10
2020-03-18,493,1,100
2020-03-18,494,0,15
2020-03-18,495,2,15
2020-03-18,496,1,15
2020-03-18,497,1,10
2020-03-18,498,3,1000
2020-03-18,499,3,1000
2020-03-18,500,3,50
2020-03-18,501,3,1000
2020-03-18,502,0,200
2020-03-18,503,2,200
2020-03-18,504,1,15
2020-03-18,505,2,200
2020-03-18,506,1,200
2020-03-18,507,3,50
2020-03-18,508,2,1000
2020-03-18,509,0,10
2020-03-18,510,3,100
2020-03-18,511,3,100
2020-03-18,512,2,100
2020-03-18,513,3,15
2020-03-18,514,1,50
2020-03-18,515,0,15
2020-03-18,516,1,100
2020-03-18,517,1,50
2020-03-18,518,3,15
2020-03-18,519,3,15
2020-03-18,520,3,10
2020-03-18,521,0,50
2020-03-18,522,1,1000
2020-03-18,523,0,50
2020-03-18,524,1,200
2020-03-18,525,2,15
2020-03-18,526,2,10
2020-03-18,527,0,50
2020-03-18,528,2,1000
2020-03-18,529,0,10
2020-03-18,530,0,15
2020-03-18,531,2,1000
2020-03-18,532,2,50
2020-03-18,533,2,200
2020-03-18,534,2,200
2020-03-18,535,2,100
2020-03-18,536,3,50
2020-03-18,537,2,1000
2020-03-18,538,0,200
2020-03-18,539,1,10
2020-03-18,540,3,200
2020-03-18,541,0,15
2020-03-18,542,2,100
2020-03-18,543,3,100
2020-03-18,544,0,50
2020-03-18,545,0,100
2020-03-18,546,1,1000
2020-03-18,547,2,15
2020-03-18,548,3,15
2020-03-18,549,0,15
2020-03-18,550,2,1000
2020-03-18,551,2,15
2020-03-18,552,3,50
2020-03-18,553,1,200
2020-03-18,554,0,1000
2020-03-18,555,0,200
2020-03-18,556,2,15
2020-03-18,557,1,100
2020-03-18,558,2,200
2020-03-18,559,2,200
2020-03-18,560,3,1000
2020-03-18,561,0,15
2020-03-18,562,3,50
2020-03-18,563,3,200
2020-03-18,564,1,100
2020-03-18,565,3,10
2020-03-18,566,2,1000
2020-03-18,567,2,15
2020-03-18,568,0,10
2020-03-18,569,1,200
2020-03-18,570,2,15
2020-03-18,571,2,200
2020-03-18,572,1,10
2020-03-18,573,2,100
2020-03-18,574,3,10
2020-03-18,575,2,1000
2020-03-18,576,0,1000
2020-03-18,577,3,10
2020-03-18,578,2,15
2020-03-18,579,2,50
2020-03-18,580,3,200
2020-03-18,581,0,15
2020-03-18,582,0,200
2020-03-18,583,1,1000
2020-03-18,584,1,10
2020-03-18,585,0,200
2020-03-18,586,3,10
2020-03-18,587,2,200
2020-03-18,588,1,15
2020-03-18,589,1,100
2020-03-18,590,2,200
2020-03-18,591,2,100
2020-03-18,592,3,1000
2020-03-18,593,3,100
2020-03-18,594,3,100
2020-03-18,595,2,15
2020-03-18,596,0,200
2020-03-18,597,0,200
2020-03-18,598,1,200
2020-03-18,599,1,100
2020-03-18,600,1,15
2020-03-18,601,3,50
2020-03-18,602,1,50
2020-03-18,603,0,15
2020-03-18,604,2,10
2020-03-18,605,1,10
2020-03-18,606,2,10
2020-03-18,607,2,100
2020-03-18,608,1,100
2020-03-18,609,3,200
2020-03-18,610,2,200
2020-03-18,611,3,50
2020-03-18,612,1,100
2020-03-18,613,2,1000
2020-03-18,614,2,15
2020-03-18,615,0,100
2020-03-18,616,3,50
2020-03-18,617,0,200
2020-03-18,618,3,10
2020-03-18,619,3,50
2020-03-18,620,2,10
2020-03-18,621,1,10
2020-03-18,622,0,200
2020-03-18,623,3,50
2020-03-18,624,0,15
2020-03-18,625,0,50
2020-03-18,626,1,10
2020-03-18,627,0,100
2020-03-18,628,3,50
2020-03-18,629,3,10
2020-03-18,630,1,50
2020-03-18,631,2,100
2020-03-18,632,1,10
2020-03-18,633,1,1000
2020-03-18,634,3,200
2020-03-18,635,1,100
2020-03-18,636,3,50
2020-03-18,637,2,1000
2020-03-18,638,1,200
2020-03-18,639,2,15
2020-03-18,640,0,200
2020-03-18,641,3,1000
2020-03-18,642,3,1000
2020-03-18,643,3,100
2020-03-18,644,3,200
2020-03-18,645,1,1000
2020-03-18,646,2,10
2020-03-18,647,0,10
2020-03-18,648,2,50
2020-03-18,649,2,15
2020-03-18,650,1,200
2020-03-18,651,1,1000
2020-03-18,652,2,1000
2020-03-18,653,1,50
2020-03-18,654,3,200
2020-03-18,655,2,15
2020-03-18,656,3,15
2020-03-18,657,1,15
2020-03-18,658,2,200
2020-03-18,659,2,10
2020-03-18,660,1,10
2020-03-18,661,0,10
2020-03-18,662,2,100
2020-03-18,663,0,10
2020-03-18,664,2,100
2020-03-18,665,1,200
2020-03-18,666,1,100
2020-03-18,667,0,50
2020-03-18,668,3,100
2020-03-18,669,3,10
2020-03-18,670,1,10
2020-03-18,671,0,10
2020-03-18,672,0,50
2020-03-18,673,0,15
2020-03-18,674,3,200
2020-03-18,675,0,10
2020-03-18,676,2,10
2020-03-18,677,2,200
2020-03-18,678,0,10
2020-03-18,679,3,1000
2020-03-18,680,3,15
2020-03-18,681,2,200
2020-03-18,682,1,100
2020-03-18,683,3,50
2020-03-18,684,1,200
2020-03-18,685,1,200
2020-03-18,686,2,1000
2020-03-18,687,0,15
2020-03-18,688,2,200
2020-03-18,689,3,10
2020-03-18,690,3,50
2020-03-18,691,3,1000
2020-03-18,692,1,100
2020-03-18,693,1,100
2020-03-18,694,2,1000
2020-03-18,695,2,50
2020-03-18,696,0,1000
2020-03-18,697,1,10
2020-03-18,698,1,50
2020-03-18,699,0,200
2020-03-18,700,0,100
2020-03-18,701,1,1000
2020-03-18,702,1,50
2020-03-18,703,3,200
2020-03-18,704,1,15
2020-03-18,705,0,1000
2020-03-18,706,1,100
2020-03-18,707,3,200
2020-03-18,708,3,200
2020-03-18,709,3,10
2020-03-18,710,3,10
2020-03-18,711,1,200
2020-03-18,712,0,50
2020-03-18,713,2,100
2020-03-18,714,3,200
2020-03-18,715,2,1000
2020-03-18,716,3,10
2020-03-18,717,3,200
2020-03-18,718,1,200
2020-03-18,719,0,50
2020-03-18,720,2,100
2020-03-18,721,2,100
2020-03-18,722,2,1000
2020-03-18,723,3,10
2020-03-18,724,2,10
2020-03-18,725,1,100
2020-03-18,726,2,15
2020-03-18,727,1,50
2020-03-18,728,1,200
2020-03-18,729,2,10
2020-03-18,730,0,10
2020-03-18,731,0,50
2020-03-18,732,0,50
2020-03-18,733,2,10
2020-03-18,734,1,1000
2020-03-18,735,1,200
2020-03-18,736,1,50
2020-03-18,737,3,100
2020-03-18,738,1,200
2020-03-18,739,3,100
2020-03-18,740,1,10
2020-03-18,741,3,10
2020-03-18,742,3,200
2020-03-18,743,1,1000
2020-03-18,744,0,1000
2020-03-18,745,3,100
2020-03-18,746,1,10
2020-03-18,747,3,15
2020-03-18,748,2,10
2020-03-18,749,2,200
2020-03-18,750,1,200
2020-03-18,751,0,15
2020-03-18,752,0,10
2020-03-18,753,2,1000
2020-03-18,754,2,15
2020-03-18,755,0,50
2020-03-18,756,3,10
2020-03-18,757,3,10
2020-03-18,758,1,50
2020-03-18,759,0,50
2020-03-18,760,2,15
2020-03-18,761,3,100
2020-03-18,762,1,200
2020-03-18,763,3,200
2020-03-18,764,3,15
2020-03-18,765,0,15
2020-03-18,766,1,15
2020-03-18,767,3,15
2020-03-18,768,2,100
2020-03-18,769,2,1000
2020-03-18,770,0,1000
2020-03-18,771,0,50
2020-03-18,772,0,200
2020-03-18,773,2,200
2020-03-18,774,3,50
2020-03-18,775,0,10
2020-03-18,776,2,100
2020-03-18,777,1,15
2020-03-18,778,2,15
2020-03-18,779,0,10
2020-03-18,780,2,1000
2020-03-18,781,3,200
2020-03-18,782,1,10
2020-03-18,783,2,50
2020-03-18,784,0,50
2020-03-18,785,1,15
2020-03-18,786,2,15
2020-03-18,787,2,200
2020-03-18,788,3,100
2020-03-18,789,1,100
2020-03-18,790,3,15
2020-03-18,791,1,50
2020-03-18,792,3,50
2020-03-18,793,3,10
2020-03-18,794,3,1000
2020-03-18,795,3,1000
2020-03-18,796,0,50
2020-03-18,797,0,10
2020-03-18,798,3,100
2020-03-18,799,3,100
2020-03-18,800,0,100
2020-03-18,801,0,200
2020-03-18,802,2,10
2020-03-18,803,1,10
2020-03-18,804,2,100
2020-03-18,805,0,100
2020-03-18,806,2,1000
2020-03-18,807,2,200
2020-03-18,808,3,10
2020-03-18,809,0,10
2020-03-18,810,2,1000
2020-03-18,811,1,1000
2020-03-18,812,1,50
2020-03-18,813,0,1000
2020-03-18,814,1,1000
2020-03-18,815,1,50
2020-03-18,816,2,50
2020-03-18,817,0,50
2020-03-18,818,3,50
2020-03-18,819,2,100
2020-03-18,820,2,200
2020-03-18,821,1,1000
2020-03-18,822,1,200
2020-03-18,823,0,50
2020-03-18,824,2,15
2020-03-18,825,2,50
2020-03-18,826,1,15
2020-03-18,827,3,200
2020-03-18,828,2,15
2020-03-18,829,2,100
2020-03-18,830,2,15
2020-03-18,831,1,1000
2020-03-18,832,0,200
2020-03-18,833,2,50
2020-03-18,834,2,10
2020-03-18,835,2,15
2020-03-18,836,0,50
2020-03-18,837,0,50
2020-03-18,838,0,100
2020-03-18,839,1,50
2020-03-18,840,3,15
2020-03-18,841,0,100
2020-03-18,842,1,15
2020-03-18,843,3,1000
2020-03-18,844,1,50
2020-03-18,845,1,200
2020-03-18,846,1,50
2020-03-18,847,2,200
2020-03-18,848,1,50
2020-03-18,849,3,50
2020-03-18,850,1,10
2020-03-18,851,0,200
2020-03-18,852,2,100
2020-03-18,853,3,100
2020-03-18,854,1,15
2020-03-18,855,1,100
2020-03-18,856,0,15
2020-03-18,857,2,100
2020-03-18,858,1,10
2020-03-18,859,3,100
2020-03-18,860,1,100
2020-03-18,861,0,10
2020-03-18,862,1,200
2020-03-18,863,3,200
2020-03-18,864,3,10
2020-03-18,865,2,50
2020-03-18,866,2,50
2020-03-18,867,2,1000
2020-03-18,868,0,100
2020-03-18,869,2,15
2020-03-18,870,2,50
2020-03-18,871,1,10
2020-03-18,872,1,100
2020-03-18,873,0,200
2020-03-18,874,0,15
2020-03-18,875,2,50
2020-03-18,876,3,100
2020-03-18,877,2,1000
2020-03-18,878,0,100
2020-03-18,879,0,50
2020-03-18,880,3,200
2020-03-18,881,1,50
2020-03-18,882,2,100
2020-03-18,883,2,100
2020-03-18,884,2,10
2020-03-18,885,1,200
2020-03-18,886,3,50
2020-03-18,887,0,50
2020-03-18,888,1,1000
2020-03-18,889,3,50
2020-03-18,890,3,50
2020-03-18,891,1,200
2020-03-18,892,1,50
2020-03-18,893,1,200
2020-03-18,894,3,10
2020-03-18,895,0,1000
2020-03-18,896,3,15
2020-03-18,897,1,100
2020-03-18,898,0,100
2020-03-18,899,2,1000
2020-03-18,900,3,1000
2020-03-18,901,2,100
2020-03-18,902,1,200
2020-03-18,903,1,1000
2020-03-18,904,0,100
2020-03-18,905,1,10
2020-03-18,906,2,200
2020-03-18,907,1,50
2020-03-18,908,0,15
2020-03-18,909,3,50
2020-03-18,910,0,1000
2020-03-18,911,2,50
2020-03-18,912,0,1000
2020-03-18,913,1,50
2020-03-18,914,0,50
2020-03-18,915,2,15
2020-03-18,916,3,10
2020-03-18,917,1,15
2020-03-18,918,1,10
2020-03-18,919,0,10
2020-03-18,920,0,100
2020-03-18,921,3,15
2020-03-18,922,1,15
2020-03-18,923,1,100
2020-03-18,924,0,15
2020-03-18,925,0,200
2020-03-18,926,3,1000
2020-03-18,927,0,100
2020-03-18,928,1,200
2020-03-18,929,0,1000
2020-03-18,930,1,1000
2020-03-18,931,0,200
2020-03-18,932,0,1000
2020-03-18,933,1,100
2020-03-18,934,0,200
2020-03-18,935,2,200
2020-03-18,936,1,100
2020-03-18,937,0,10
2020-03-18,938,3,1000
2020-03-18,939,0,10
2020-03-18,940,0,10
2020-03-18,941,2,100
2020-03-18,942,2,100
2020-03-18,943,2,50
2020-03-18,944,3,15
2020-03-18,945,0,15
2020-03-18,946,1,50
2020-03-18,947,0,100
2020-03-18,948,3,15
2020-03-18,949,0,100
2020-03-18,950,0,15
2020-03-18,951,1,100
2020-03-18,952,3,100
2020-03-18,953,1,200
2020-03-18,954,3,200
2020-03-18,955,3,50
2020-03-18,956,1,50
2020-03-18,957,1,100
2020-03-18,958,3,100
2020-03-18,959,3,50
2020-03-18,960,3,1000
2020-03-18,961,1,15
2020-03-18,962,1,200
2020-03-18,963,1,100
2020-03-18,964,0,1000
2020-03-18,965,3,15
2020-03-18,966,1,10
2020-03-18,967,1,15
2020-03-18,968,3,200
2020-03-18,969,1,100
2020-03-18,970,2,10
2020-03-18,971,1,50
2020-03-18,972,1,1000
2020-03-18,973,0,50
2020-03-18,974,0,200
2020-03-18,975,1,15
2020-03-18,976,0,50
2020-03-18,977,0,50
2020-03-18,978,3,200
2020-03-18,979,0,10
2020-03-18,980,1,100
2020-03-18,981,3,200
2020-03-18,982,1,50
2020-03-18,983,2,50
2020-03-18,984,3,50
2020-03-18,985,0,1000
2020-03-18,986,2,1000
2020-03-18,987,2,100
2020-03-18,988,1,50
2020-03-18,989,3,15
2020-03-18,990,1,100
2020-03-18,991,0,200
2020-03-18,992,0,50
2020-03-18,993,0,1000
2020-03-18,994,2,1000
2020-03-18,995,3,200
2020-03-18,996,3,10
2020-03-18,997,0,50
2020-03-18,998,0,100
2020-03-18,999,1,200
2020-03-18,1000,2,50
2020-03-18,1001,1,50
2020-03-18,1002,1,50
2020-03-18,1003,2,200
2020-03-18,1004,3,50
2020-03-18,1005,2,100
2020-03-18,1006,0,200
2020-03-18,1007,3,50
2020-03-18,1008,3,100
2020-03-18,1009,0,15
2020-03-18,1010,1,200
2020-03-18,1011,0,50
2020-03-18,1012,0,1000
2020-03-18,1013,1,100
2020-03-18,1014,0,100
2020-03-18,1015,2,10
2020-03-18,1016,3,1000
2020-03-18,1017,3,100
2020-03-18,1018,2,200
2020-03-18,1019,2,200
2020-03-18,1020,0,1000
2020-03-18,1021,0,1000
2020-03-18,1022,0,1000
2020-03-18,1023,3,50
2020-03-18,1024,2,15
2020-03-18,1025,3,10
2020-03-18,1026,0,50
2020-03-18,1027,3,15
2020-03-18,1028,3,50
2020-03-18,1029,1,100
2020-03-18,1030,0,15
2020-03-18,1031,3,10
2020-03-18,1032,3,50
2020-03-18,1033,2,1000
2020-03-18,1034,3,200
2020-03-18,1035,1,10
2020-03-18,1036,1,100
2020-03-18,1037,1,15
2020-03-18,1038,3,50
2020-03-18,1039,0,10
2020-03-18,1040,2,15
2020-03-18,1041,3,50
2020-03-18,1042,0,15
2020-03-18,1043,0,50
2020-03-18,1044,3,1000
2020-03-18,1045,2,10
2020-03-18,1046,3,200
2020-03-18,1047,2,50
2020-03-18,1048,0,200
2020-03-18,1049,1,50
2020-03-18,1050,1,1000
2020-03-18,1051,2,1000
2020-03-18,1052,3,15
2020-03-18,1053,3,200
2020-03-18,1054,0,200
2020-03-18,1055,3,1000
2020-03-18,1056,1,200
2020-03-18,1057,0,15
2020-03-18,1058,1,200
2020-03-18,1059,1,100
2020-03-18,1060,1,15
2020-03-18,1061,2,100
2020-03-18,1062,0,15
2020-03-18,1063,1,1000
2020-03-18,1064,3,10
2020-03-18,1065,1,50
2020-03-18,1066,1,200
2020-03-18,1067,3,100
2020-03-18,1068,2,15
2020-03-18,1069,2,10
2020-03-18,1070,2,15
2020-03-18,1071,3,10
2020-03-18,1072,0,10
2020-03-18,1073,2,100
2020-03-18,1074,3,1000
2020-03-18,1075,0,200
2020-03-18,1076,1,50
2020-03-18,1077,3,100
2020-03-18,1078,3,1000
2020-03-18,1079,0,1000
2020-03-18,1080,2,200
2020-03-18,1081,1,100
2020-03-18,1082,0,50
2020-03-18,1083,0,15
2020-03-18,1084,1,100
2020-03-18,1085,3,100
2020-03-18,1086,3,10
2020-03-18,1087,0,50
2020-03-18,1088,3,1000
2020-03-18,1089,1,1000
2020-03-18,1090,0,10
2020-03-18,1091,2,200
2020-03-18,1092,0,15
2020-03-18,1093,3,15
2020-03-18,1094,2,15
2020-03-18,1095,0,200
2020-03-18,1096,1,100
2020-03-18,1097,3,200
2020-03-18,1098,0,50
2020-03-18,1099,2,100
