2020-03-16,100,3,15
2020-03-16,101,1,15
2020-03-16,102,0,1000
2020-03-16,103,1,100
2020-03-16,104,2,10
2020-03-16,105,2,100
2020-03-16,106,2,100
2020-03-16,107,1,10
2020-03-16,108,1,100
2020-03-16,109,3,50
2020-03-16,110,1,100
2020-03-16,111,1,1000
2020-03-16,112,1,200
2020-03-16,113,0,200
2020-03-16,114,2,100
2020-03-16,115,1,50
2020-03-16,116,1,100
2020-03-16,117,2,1000
2020-03-16,118,1,100
2020-03-16,119,3,100
2020-03-16,120,1,200
2020-03-16,121,1,10
2020-03-16,122,2,10
2020-03-16,123,3,10
2020-03-16,124,2,50
2020-03-16,125,3,10
2020-03-16,126,0,1000
2020-03-16,127,3,10
2020-03-16,128,2,10
2020-03-16,129,0,1000
2020-03-16,130,1,200
2020-03-16,131,3,100
2020-03-16,132,0,10
2020-03-16,133,1,200
2020-03-16,134,3,100
2020-03-16,135,1,200
2020-03-16,136,2,100
2020-03-16,137,1,10
2020-03-16,138,3,100
2020-03-16,139,2,50
2020-03-16,140,1,50
2020-03-16,141,2,10
2020-03-16,142,1,10
2020-03-16,143,0,200
2020-03-16,144,3,50
2020-03-16,145,2,50
2020-03-16,146,3,100
2020-03-16,147,0,100
2020-03-16,148,1,100
2020-03-16,149,3,15
2020-03-16,150,2,1000
2020-03-16,151,2,15
2020-03-16,152,2,200
2020-03-16,153,0,50
2020-03-16,154,1,10
2020-03-16,155,2,100
2020-03-16,156,1,100
2020-03-16,157,3,50
2020-03-16,158,0,50
2020-03-16,159,1,15
2020-03-16,160,2,200
2020-03-16,161,0,100
2020-03-16,162,2,15
2020-03-16,163,2,10
2020-03-16,164,1,15
2020-03-16,165,3,15
2020-03-16,166,1,50
2020-03-16,167,2,1000
2020-03-16,168,1,10
2020-03-16,169,1,15
2020-03-16,170,0,200
2020-03-16,171,2,10
2020-03-16,172,1,10
2020-03-16,173,3,10
2020-03-16,174,3,50
2020-03-16,175,3,50
2020-03-16,176,0,50
2020-03-16,177,1,15
2020-03-16,178,0,1000
2020-03-16,179,3,1000
2020-03-16,180,1,50
2020-03-16,181,2,100
2020-03-16,182,0,10
2020-03-16,183,2,15
2020-03-16,184,0,1000
2020-03-16,185,3,1000
2020-03-16,186,0,15
2020-03-16,187,2,100
2020-03-16,188,2,1000
2020-03-16,189,0,50
2020-03-16,190,0,15
2020-03-16,191,0,10
2020-03-16,192,3,1000
2020-03-16,193,3,1000
2020-03-16,194,0,100
2020-03-16,195,1,1000
2020-03-16,196,0,200
2020-03-16,197,1,200
2020-03-16,198,2,10
2020-03-16,199,2,50
2020-03-16,200,0,50
2020-03-16,201,2,1000
2020-03-16,202,1,100
2020-03-16,203,0,15
2020-03-16,204,3,100
2020-03-16,205,0,200
2020-03-16,206,0,1000
2020-03-16,207,1,100
2020-03-16,208,1,15
2020-03-16,209,3,200
2020-03-16,210,3,15
2020-03-16,211,2,10
2020-03-16,212,1,50
2020-03-16,213,2,1000
2020-03-16,214,1,10
2020-03-16,215,2,200
2020-03-16,216,0,50
2020-03-16,217,3,15
2020-03-16,218,2,1000
2020-03-16,219,1,50
2020-03-16,220,1,100
2020-03-16,221,1,1000
2020-03-16,222,1,200
2020-03-16,223,0,200
2020-03-16,224,2,100
2020-03-16,225,2,100
2020-03-16,226,1,1000
2020-03-16,227,0,200
2020-03-16,228,1,100
2020-03-16,229,1,50
2020-03-16,230,1,50
2020-03-16,231,0,10
2020-03-16,232,3,10
2020-03-16,233,1,200
2020-03-16,234,2,50
2020-03-16,235,2,100
2020-03-16,236,1,50
2020-03-16,237,3,100
2020-03-16,238,0,200
2020-03-16,239,2,10
2020-03-16,240,3,15
2020-03-16,241,0,15
2020-03-16,242,3,200
2020-03-16,243,2,100
2020-03-16,244,2,200
2020-03-16,245,1,1000
2020-03-16,246,0,1000
2020-03-16,247,1,200
2020-03-16,248,3,50
2020-03-16,249,2,15
2020-03-16,250,1,10
2020-03-16,251,1,15
2020-03-16,252,0,10
2020-03-16,253,3,10
2020-03-16,254,3,10
2020-03-16,255,0,10
2020-03-16,256,1,50
2020-03-16,257,1,1000
2020-03-16,258,2,1000
2020-03-16,259,2,200
2020-03-16,260,1,100
2020-03-16,261,3,1000
2020-03-16,262,2,200
2020-03-16,263,3,100
2020-03-16,264,2,100
2020-03-16,265,2,50
2020-03-16,266,2,50
2020-03-16,267,3,100
2020-03-16,268,2,1000
2020-03-16,269,3,15
2020-03-16,270,2,1000
2020-03-16,271,1,1000
2020-03-16,272,1,15
2020-03-16,273,0,15
2020-03-16,274,0,200
2020-03-16,275,3,100
2020-03-16,276,3,15
2020-03-16,277,3,50
2020-03-16,278,1,200
2020-03-16,279,3,15
2020-03-16,280,3,50
2020-03-16,281,0,200
2020-03-16,282,1,15
2020-03-16,283,1,15
2020-03-16,284,1,1000
2020-03-16,285,1,10
2020-03-16,286,3,1000
2020-03-16,287,0,100
2020-03-16,288,0,15
2020-03-16,289,0,50
2020-03-16,290,2,1000
2020-03-16,291,0,100
2020-03-16,292,1,50
2020-03-16,293,0,10
2020-03-16,294,3,10
2020-03-16,295,0,15
2020-03-16,296,0,200
2020-03-16,297,3,15
2020-03-16,298,2,100
2020-03-16,299,1,15
2020-03-16,300,1,1000
2020-03-16,301,0,50
2020-03-16,302,2,200
2020-03-16,303,1,100
2020-03-16,304,1,10
2020-03-16,305,0,10
2020-03-16,306,3,15
2020-03-16,307,0,50
2020-03-16,308,1,10
2020-03-16,309,1,1000
2020-03-16,310,3,100
2020-03-16,311,0,10
2020-03-16,312,2,1000
2020-03-16,313,2,200
2020-03-16,314,3,200
2020-03-16,315,2,15
2020-03-16,316,2,100
2020-03-16,317,2,200
2020-03-16,318,1,50
2020-03-16,319,2,50
2020-03-16,320,3,10
2020-03-16,321,0,50
2020-03-16,322,3,50
2020-03-16,323,1,200
2020-03-16,324,2,100
2020-03-16,325,0,15
2020-03-16,326,0,15
2020-03-16,327,1,50
2020-03-16,328,2,10
2020-03-16,329,1,15
2020-03-16,330,3,15
2020-03-16,331,1,50
2020-03-16,332,0,10
2020-03-16,333,1,100
2020-03-16,334,1,200
2020-03-16,335,3,100
2020-03-16,336,2,100
2020-03-16,337,3,10
2020-03-16,338,0,50
2020-03-16,339,3,200
2020-03-16,340,3,1000
2020-03-16,341,1,10
2020-03-16,342,1,100
2020-03-16,343,2,100
2020-03-16,344,3,1000
2020-03-16,345,0,10
2020-03-16,346,3,200
2020-03-16,347,2,15
2020-03-16,348,3,10
2020-03-16,349,3,15
2020-03-16,350,3,200
2020-03-16,351,2,1000
2020-03-16,352,1,100
2020-03-16,353,1,200
2020-03-16,354,1,15
2020-03-16,355,0,1000
2020-03-16,356,2,15
2020-03-16,357,1,10
2020-03-16,358,0,100
2020-03-16,359,0,50
2020-03-16,360,2,100
2020-03-16,361,3,100
2020-03-16,362,3,100
2020-03-16,363,2,100
2020-03-16,364,3,50
2020-03-16,365,1,100
2020-03-16,366,2,10
2020-03-16,367,3,200
2020-03-16,368,1,10
2020-03-16,369,2,200
2020-03-16,370,0,200
2020-03-16,371,1,50
2020-03-16,372,3,200
2020-03-16,373,3,1000
2020-03-16,374,1,200
2020-03-16,375,3,200
2020-03-16,376,0,100
2020-03-16,377,2,1000
2020-03-16,378,1,1000
2020-03-16,379,0,15
2020-03-16,380,1,200
2020-03-16,381,1,10
2020-03-16,382,1,200
2020-03-16,383,1,1000
2020-03-16,384,1,15
2020-03-16,385,3,10
2020-03-16,386,3,1000
2020-03-16,387,1,50
2020-03-16,388,3,100
2020-03-16,389,1,1000
2020-03-16,390,0,200
2020-03-16,391,0,15
2020-03-16,392,0,50
2020-03-16,393,0,200
2020-03-16,394,0,200
2020-03-16,395,1,1000
2020-03-16,396,2,10
2020-03-16,397,2,1000
2020-03-16,398,1,50
2020-03-16,399,1,100
2020-03-16,400,1,10
2020-03-16,401,1,200
2020-03-16,402,3,200
2020-03-16,403,1,10
2020-03-16,404,0,10
2020-03-16,405,1,10
2020-03-16,406,0,50
2020-03-16,407,3,15
2020-03-16,408,1,200
2020-03-16,409,0,200
2020-03-16,410,0,200
2020-03-16,411,2,200
2020-03-16,412,2,200
2020-03-16,413,2,1000
2020-03-16,414,0,100
2020-03-16,415,2,50
2020-03-16,416,3,100
2020-03-16,417,0,100
2020-03-16,418,1,1000
2020-03-16,419,3,10
2020-03-16,420,3,15
2020-03-16,421,0,50
2020-03-16,422,1,200
2020-03-16,423,0,10
2020-03-16,424,3,100
2020-03-16,425,1,15
2020-03-16,426,0,100
2020-03-16,427,2,1000
2020-03-16,428,1,1000
2020-03-16,429,0,10
2020-03-16,430,3,100
2020-03-16,431,0,200
2020-03-16,432,2,15
2020-03-16,433,2,50
2020-03-16,434,2,200
2020-03-16,435,1,100
2020-03-16,436,2,200
2020-03-16,437,2,10
2020-03-16,438,3,50
2020-03-16,439,2,1000
2020-03-16,440,0,15
2020-03-16,441,1,1000
2020-03-16,442,1,10
2020-03-16,443,3,1000
2020-03-16,444,2,100
2020-03-16,445,0,15
2020-03-16,446,3,100
2020-03-16,447,3,1000
2020-03-16,448,1,10
2020-03-16,449,3,50
2020-03-16,450,3,10
2020-03-16,451,1,200
2020-03-16,452,3,10
2020-03-16,453,3,1000
2020-03-16,454,0,100
2020-03-16,455,2,100
2020-03-16,456,3,200
2020-03-16,457,0,50
2020-03-16,458,1,50
2020-03-16,459,2,1000
2020-03-16,460,0,10
2020-03-16,461,1,200
2020-03-16,462,3,10
2020-03-16,463,2,50
2020-03-16,464,3,200
2020-03-16,465,0,100
2020-03-16,466,0,50
2020-03-16,467,1,100
2020-03-16,468,3,15
2020-03-16,469,1,100
2020-03-16,470,3,200
2020-03-16,471,1,15
2020-03-16,472,2,10
2020-03-16,473,0,10
2020-03-16,474,2,15
2020-03-16,475,1,50
2020-03-16,476,1,15
2020-03-16,477,2,200
2020-03-16,478,2,200
2020-03-16,479,1,100
2020-03-16,480,2,15
2020-03-16,481,2,15
2020-03-16,482,1,15
2020-03-16,483,3,200
2020-03-16,484,2,100
2020-03-16,485,1,100
2020-03-16,486,1,200
2020-03-16,487,0,1000
2020-03-16,488,1,50
2020-03-16,489,1,1000
2020-03-16,490,2,10
2020-03-16,491,1,10
2020-03-16,492,0,15
2020-03-16,493,0,200
2020-03-16,494,1,10
2020-03-16,495,3,10
2020-03-16,496,0,200
2020-03-16,497,2,50
2020-03-16,498,0,15
2020-03-16,499,2,10
2020-03-16,500,2,15
2020-03-16,501,0,50
2020-03-16,502,3,100
2020-03-16,503,2,1000
2020-03-16,504,0,50
2020-03-16,505,0,200
2020-03-16,506,1,100
2020-03-16,507,1,15
2020-03-16,508,1,1000
2020-03-16,509,3,200
2020-03-16,510,2,1000
2020-03-16,511,1,10
2020-03-16,512,3,1000
2020-03-16,513,3,100
2020-03-16,514,0,10
2020-03-16,515,2,50
2020-03-16,516,3,15
2020-03-16,517,3,10
2020-03-16,518,0,50
2020-03-16,519,2,50
2020-03-16,520,2,200
2020-03-16,521,3,15
2020-03-16,522,1,15
2020-03-16,523,1,1000
2020-03-16,524,2,1000
2020-03-16,525,0,100
2020-03-16,526,1,100
2020-03-16,527,3,1000
2020-03-16,528,0,100
2020-03-16,529,1,15
2020-03-16,530,2,10
2020-03-16,531,1,15
2020-03-16,532,0,15
2020-03-16,533,2,10
2020-03-16,534,2,1000
2020-03-16,535,0,200
2020-03-16,536,1,50
2020-03-16,537,0,15
2020-03-16,538,2,1000
2020-03-16,539,2,15
2020-03-16,540,2,100
2020-03-16,541,3,200
2020-03-16,542,3,50
2020-03-16,543,3,15
2020-03-16,544,2,10
2020-03-16,545,2,1000
2020-03-16,546,2,50
2020-03-16,547,1,100
2020-03-16,548,1,200
2020-03-16,549,2,100
2020-03-16,550,2,50
2020-03-16,551,2,10
2020-03-16,552,2,1000
2020-03-16,553,2,50
2020-03-16,554,3,10
2020-03-16,555,1,200
2020-03-16,556,0,200
2020-03-16,557,2,200
2020-03-16,558,0,200
2020-03-16,559,0,10
2020-03-16,560,0,10
2020-03-16,561,3,15
2020-03-16,562,3,50
2020-03-16,563,0,100
2020-03-16,564,3,15
2020-03-16,565,1,200
2020-03-16,566,0,50
2020-03-16,567,3,50
2020-03-16,568,1,10
2020-03-16,569,1,10
2020-03-16,570,1,10
2020-03-16,571,2,50
2020-03-16,572,3,15
2020-03-16,573,3,100
2020-03-16,574,3,15
2020-03-16,575,0,10
2020-03-16,576,3,200
2020-03-16,577,2,1000
2020-03-16,578,2,50
2020-03-16,579,2,100
2020-03-16,580,3,100
2020-03-16,581,3,10
2020-03-16,582,2,15
2020-03-16,583,3,100
2020-03-16,584,2,50
2020-03-16,585,2,50
2020-03-16,586,0,10
2020-03-16,587,1,15
2020-03-16,588,3,10
2020-03-16,589,2,15
2020-03-16,590,3,100
2020-03-16,591,1,100
2020-03-16,592,3,10
2020-03-16,593,2,10
2020-03-16,594,3,10
2020-03-16,595,0,15
2020-03-16,596,1,200
2020-03-16,597,1,10
2020-03-16,598,1,1000
2020-03-16,599,1,200
2020-03-16,600,3,100
2020-03-16,601,0,15
2020-03-16,602,0,1000
2020-03-16,603,1,15
2020-03-16,604,2,100
2020-03-16,605,2,100
2020-03-16,606,3,10
2020-03-16,607,1,50
2020-03-16,608,0,50
2020-03-16,609,2,200
2020-03-16,610,1,200
2020-03-16,611,1,10
2020-03-16,612,0,50
2020-03-16,613,0,100
2020-03-16,614,2,200
2020-03-16,615,1,50
2020-03-16,616,0,100
2020-03-16,617,2,200
2020-03-16,618,1,50
2020-03-16,619,3,100
2020-03-16,620,3,100
2020-03-16,621,1,200
2020-03-16,622,0,15
2020-03-16,623,2,100
2020-03-16,624,1,50
2020-03-16,625,1,200
2020-03-16,626,2,1000
2020-03-16,627,3,50
2020-03-16,628,0,10
2020-03-16,629,0,15
2020-03-16,630,2,200
2020-03-16,631,2,100
2020-03-16,632,3,1000
2020-03-16,633,0,50
2020-03-16,634,2,1000
2020-03-16,635,0,200
2020-03-16,636,3,100
2020-03-16,637,2,100
2020-03-16,638,3,10
2020-03-16,639,0,200
2020-03-16,640,0,50
2020-03-16,641,3,100
2020-03-16,642,1,50
2020-03-16,643,2,200
2020-03-16,644,3,15
2020-03-16,645,2,50
2020-03-16,646,3,15
2020-03-16,647,2,100
2020-03-16,648,2,15
2020-03-16,649,1,50
2020-03-16,650,3,200
2020-03-16,651,1,10
2020-03-16,652,2,200
2020-03-16,653,0,50
2020-03-16,654,2,15
2020-03-16,655,2,15
2020-03-16,656,1,200
2020-03-16,657,2,100
2020-03-16,658,3,1000
2020-03-16,659,0,10
2020-03-16,660,0,1000
2020-03-16,661,3,50
2020-03-16,662,2,200
2020-03-16,663,2,1000
2020-03-16,664,3,200
2020-03-16,665,2,50
2020-03-16,666,1,200
2020-03-16,667,1,10
2020-03-16,668,2,1000
2020-03-16,669,0,50
2020-03-16,670,3,50
2020-03-16,671,3,100
2020-03-16,672,1,50
2020-03-16,673,3,100
2020-03-16,674,2,50
2020-03-16,675,0,50
2020-03-16,676,2,200
2020-03-16,677,3,100
2020-03-16,678,1,1000
2020-03-16,679,1,200
2020-03-16,680,0,200
2020-03-16,681,0,200
2020-03-16,682,2,1000
2020-03-16,683,0,15
2020-03-16,684,2,200
2020-03-16,685,3,10
2020-03-16,686,2,50
2020-03-16,687,0,50
2020-03-16,688,2,10
2020-03-16,689,1,15
2020-03-16,690,1,10
2020-03-16,691,2,200
2020-03-16,692,0,1000
2020-03-16,693,1,200
2020-03-16,694,1,15
2020-03-16,695,3,100
2020-03-16,696,0,50
2020-03-16,697,3,200
2020-03-16,698,0,15
2020-03-16,699,3,15
2020-03-16,700,3,15
2020-03-16,701,3,200
2020-03-16,702,3,100
2020-03-16,703,2,50
2020-03-16,704,3,1000
2020-03-16,705,3,50
2020-03-16,706,2,15
2020-03-16,707,0,50
2020-03-16,708,0,15
2020-03-16,709,0,10
2020-03-16,710,1,1000
2020-03-16,711,3,100
2020-03-16,712,2,1000
2020-03-16,713,2,100
2020-03-16,714,2,15
2020-03-16,715,2,50
2020-03-16,716,1,10
2020-03-16,717,3,15
2020-03-16,718,1,50
2020-03-16,719,2,100
2020-03-16,720,3,15
2020-03-16,721,3,100
2020-03-16,722,2,50
2020-03-16,723,3,50
2020-03-16,724,1,200
2020-03-16,725,0,100
2020-03-16,726,3,10
2020-03-16,727,0,10
2020-03-16,728,2,100
2020-03-16,729,3,1000
2020-03-16,730,0,10
2020-03-16,731,3,100
2020-03-16,732,2,15
2020-03-16,733,3,100
2020-03-16,734,2,1000
2020-03-16,735,1,100
2020-03-16,736,1,1000
2020-03-16,737,2,10
2020-03-16,738,2,100
2020-03-16,739,1,1000
2020-03-16,740,1,10
2020-03-16,741,3,10
2020-03-16,742,1,10
2020-03-16,743,1,50
2020-03-16,744,2,1000
2020-03-16,745,1,200
2020-03-16,746,3,100
2020-03-16,747,2,200
2020-03-16,748,1,200
2020-03-16,749,3,10
2020-03-16,750,0,1000
2020-03-16,751,0,10
2020-03-16,752,3,10
2020-03-16,753,1,15
2020-03-16,754,1,50
2020-03-16,755,2,15
2020-03-16,756,3,15
2020-03-16,757,1,15
2020-03-16,758,1,10
2020-03-16,759,2,50
2020-03-16,760,1,1000
2020-03-16,761,3,1000
2020-03-16,762,2,50
2020-03-16,763,3,200
2020-03-16,764,3,15
2020-03-16,765,3,10
2020-03-16,766,2,100
2020-03-16,767,2,15
2020-03-16,768,0,15
2020-03-16,769,3,50
2020-03-16,770,0,200
2020-03-16,771,0,1000
2020-03-16,772,3,100
2020-03-16,773,2,50
2020-03-16,774,3,50
2020-03-16,775,1,1000
2020-03-16,776,0,10
2020-03-16,777,0,10
2020-03-16,778,3,200
2020-03-16,779,0,1000
2020-03-16,780,1,100
2020-03-16,781,3,50
2020-03-16,782,2,100
2020-03-16,783,0,10
2020-03-16,784,2,50
2020-03-16,785,0,10
2020-03-16,786,1,50
2020-03-16,787,0,50
2020-03-16,788,1,100
2020-03-16,789,2,100
2020-03-16,790,3,200
2020-03-16,791,3,100
2020-03-16,792,0,50
2020-03-16,793,0,200
2020-03-16,794,3,200
2020-03-16,795,2,15
2020-03-16,796,3,200
2020-03-16,797,3,200
2020-03-16,798,1,50
2020-03-16,799,1,10
2020-03-16,800,0,50
2020-03-16,801,0,100
2020-03-16,802,1,50
2020-03-16,803,1,10
2020-03-16,804,2,15
2020-03-16,805,3,200
2020-03-16,806,1,10
2020-03-16,807,2,100
2020-03-16,808,3,10
2020-03-16,809,3,10
2020-03-16,810,0,50
2020-03-16,811,0,1000
2020-03-16,812,0,200
2020-03-16,813,2,1000
2020-03-16,814,1,50
2020-03-16,815,2,15
2020-03-16,816,3,100
2020-03-16,817,0,100
2020-03-16,818,3,100
2020-03-16,819,1,1000
2020-03-16,820,0,1000
2020-03-16,821,0,10
2020-03-16,822,1,50
2020-03-16,823,0,1000
2020-03-16,824,2,1000
2020-03-16,825,0,10
2020-03-16,826,1,1000
2020-03-16,827,0,50
2020-03-16,828,0,1000
2020-03-16,829,0,100
2020-03-16,830,0,200
2020-03-16,831,1,1000
2020-03-16,832,0,15
2020-03-16,833,2,50
2020-03-16,834,3,10
2020-03-16,835,0,200
2020-03-16,836,3,100
2020-03-16,837,2,10
2020-03-16,838,3,50
2020-03-16,839,1,1000
2020-03-16,840,1,200
2020-03-16,841,2,100
2020-03-16,842,1,15
2020-03-16,843,2,15
2020-03-16,844,0,100
2020-03-16,845,2,10
2020-03-16,846,1,10
2020-03-16,847,3,50
2020-03-16,848,2,200
2020-03-16,849,1,50
2020-03-16,850,2,1000
2020-03-16,851,1,10
2020-03-16,852,0,1000
2020-03-16,853,1,10
2020-03-16,854,2,50
2020-03-16,855,0,10
2020-03-16,856,0,50
2020-03-16,857,3,1000
2020-03-16,858,2,1000
2020-03-16,859,2,50
2020-03-16,860,0,10
2020-03-16,861,0,50
2020-03-16,862,0,50
2020-03-16,863,2,15
2020-03-16,864,0,1000
2020-03-16,865,2,50
2020-03-16,866,1,100
2020-03-16,867,1,15
2020-03-16,868,0,50
2020-03-16,869,0,1000
2020-03-16,870,0,10
2020-03-16,871,1,100
2020-03-16,872,3,200
2020-03-16,873,3,10
2020-03-16,874,3,15
2020-03-16,875,2,50
2020-03-16,876,3,1000
2020-03-16,877,1,10
2020-03-16,878,0,200
2020-03-16,879,3,10
2020-03-16,880,2,15
2020-03-16,881,2,50
2020-03-16,882,2,10
2020-03-16,883,0,1000
2020-03-16,884,3,10
2020-03-16,885,1,10
2020-03-16,886,1,50
2020-03-16,887,2,15
2020-03-16,888,2,10
2020-03-16,889,1,10
2020-03-16,890,2,10
2020-03-16,891,3,15
2020-03-16,892,0,200
2020-03-16,893,2,15
2020-03-16,894,1,50
2020-03-16,895,0,10
2020-03-16,896,0,50
2020-03-16,897,2,50
2020-03-16,898,3,100
2020-03-16,899,1,50
2020-03-16,900,1,15
2020-03-16,901,1,100
2020-03-16,902,3,100
2020-03-16,903,0,50
2020-03-16,904,2,100
2020-03-16,905,0,15
2020-03-16,906,0,15
2020-03-16,907,2,100
2020-03-16,908,2,100
2020-03-16,909,0,15
2020-03-16,910,2,50
2020-03-16,911,0,50
2020-03-16,912,2,100
2020-03-16,913,1,15
2020-03-16,914,2,50
2020-03-16,915,0,15
2020-03-16,916,2,200
2020-03-16,917,2,1000
2020-03-16,918,1,200
2020-03-16,919,3,10
2020-03-16,920,0,100
2020-03-16,921,0,10
2020-03-16,922,0,200
2020-03-16,923,3,1000
2020-03-16,924,3,1000
2020-03-16,925,2,100
2020-03-16,926,0,15
2020-03-16,927,2,50
2020-03-16,928,2,1000
2020-03-16,929,0,100
2020-03-16,930,1,200
2020-03-16,931,2,50
2020-03-16,932,2,10
2020-03-16,933,3,15
2020-03-16,934,1,15
2020-03-16,935,3,200
2020-03-16,936,1,100
2020-03-16,937,0,200
2020-03-16,938,3,10
2020-03-16,939,0,50
2020-03-16,940,1,10
2020-03-16,941,1,100
2020-03-16,942,3,100
2020-03-16,943,0,10
2020-03-16,944,1,1000
2020-03-16,945,2,15
2020-03-16,946,2,100
2020-03-16,947,2,200
2020-03-16,948,0,200
2020-03-16,949,2,100
2020-03-16,950,2,200
2020-03-16,951,3,10
2020-03-16,952,2,15
2020-03-16,953,2,200
2020-03-16,954,3,50
2020-03-16,955,1,1000
2020-03-16,956,1,1000
2020-03-16,957,2,200
2020-03-16,958,3,1000
2020-03-16,959,3,100
2020-03-16,960,1,200
2020-03-16,961,0,1000
2020-03-16,962,1,200
2020-03-16,963,3,15
2020-03-16,964,0,50
2020-03-16,965,3,50
2020-03-16,966,1,1000
2020-03-16,967,1,15
2020-03-16,968,1,100
2020-03-16,969,3,1000
2020-03-16,970,0,100
2020-03-16,971,2,15
2020-03-16,972,0,200
2020-03-16,973,1,15
2020-03-16,974,0,200
2020-03-16,975,3,10
2020-03-16,976,2,100
2020-03-16,977,3,10
2020-03-16,978,1,15
2020-03-16,979,3,10
2020-03-16,980,3,200
2020-03-16,981,3,50
2020-03-16,982,2,50
2020-03-16,983,2,50
2020-03-16,984,3,200
2020-03-16,985,0,1000
2020-03-16,986,1,10
2020-03-16,987,0,10
2020-03-16,988,2,10
2020-03-16,989,2,15
2020-03-16,990,2,15
2020-03-16,991,2,15
2020-03-16,992,3,1000
2020-03-16,993,0,50
2020-03-16,994,1,200
2020-03-16,995,2,100
2020-03-16,996,0,15
2020-03-16,997,3,1000
2020-03-16,998,3,200
2020-03-16,999,2,200
2020-03-16,1000,2,100
2020-03-16,1001,0,50
2020-03-16,1002,2,50
2020-03-16,1003,2,15
2020-03-16,1004,3,200
2020-03-16,1005,3,50
2020-03-16,1006,2,1000
2020-03-16,1007,2,15
2020-03-16,1008,3,10
2020-03-16,1009,2,100
2020-03-16,1010,1,100
2020-03-16,1011,0,1000
2020-03-16,1012,2,50
2020-03-16,1013,2,200
2020-03-16,1014,2,200
2020-03-16,1015,3,200
2020-03-16,1016,1,100
2020-03-16,1017,2,100
2020-03-16,1018,0,10
2020-03-16,1019,0,100
2020-03-16,1020,3,15
2020-03-16,1021,0,10
2020-03-16,1022,0,1000
2020-03-16,1023,1,200
2020-03-16,1024,3,15
2020-03-16,1025,0,10
2020-03-16,1026,3,10
2020-03-16,1027,2,10
2020-03-16,1028,3,15
2020-03-16,1029,2,10
2020-03-16,1030,3,1000
2020-03-16,1031,0,10
2020-03-16,1032,0,1000
2020-03-16,1033,1,1000
2020-03-16,1034,2,200
2020-03-16,1035,0,15
2020-03-16,1036,0,10
2020-03-16,1037,0,1000
2020-03-16,1038,3,15
2020-03-16,1039,3,200
2020-03-16,1040,1,15
2020-03-16,1041,2,200
2020-03-16,1042,2,10
2020-03-16,1043,0,50
2020-03-16,1044,2,50
2020-03-16,1045,1,100
2020-03-16,1046,2,100
2020-03-16,1047,2,50
2020-03-16,1048,1,100
2020-03-16,1049,2,1000
2020-03-16,1050,0,50
2020-03-16,1051,2,15
2020-03-16,1052,2,100
2020-03-16,1053,2,10
2020-03-16,1054,2,200
2020-03-16,1055,2,200
2020-03-16,1056,3,50
2020-03-16,1057,1,100
2020-03-16,1058,3,100
2020-03-16,1059,2,200
2020-03-16,1060,1,200
2020-03-16,1061,3,15
2020-03-16,1062,1,50
2020-03-16,1063,2,100
2020-03-16,1064,2,200
2020-03-16,1065,0,1000
2020-03-16,1066,0,200
2020-03-16,1067,2,10
2020-03-16,1068,2,15
2020-03-16,1069,0,1000
2020-03-16,1070,3,15
2020-03-16,1071,0,1000
2020-03-16,1072,0,15
2020-03-16,1073,2,200
2020-03-16,1074,0,50
2020-03-16,1075,0,100
2020-03-16,1076,2,1000
2020-03-16,1077,1,200
2020-03-16,1078,1,15
2020-03-16,1079,0,200
2020-03-16,1080,0,200
2020-03-16,1081,0,1000
2020-03-16,1082,0,50
2020-03-16,1083,0,50
2020-03-16,1084,1,100
2020-03-16,1085,2,50
2020-03-16,1086,1,200
2020-03-16,1087,3,50
2020-03-16,1088,0,1000
2020-03-16,1089,3,10
2020-03-16,1090,1,200
2020-03-16,1091,0,50
2020-03-16,1092,0,100
2020-03-16,1093,2,50
2020-03-16,1094,0,1000
2020-03-16,1095,3,15
2020-03-16,1096,3,1000
2020-03-16,1097,2,10
2020-03-16,1098,0,50
2020-03-16,1099,3,100
