2020-03-20,100,2,10
2020-03-20,101,0,50
2020-03-20,102,2,200
2020-03-20,103,2,10
2020-03-20,104,3,15
2020-03-20,105,3,1000
2020-03-20,106,3,10
2020-03-20,107,1,50
2020-03-20,108,2,200
2020-03-20,109,0,50
2020-03-20,110,1,50
2020-03-20,111,0,10
2020-03-20,112,0,50
2020-03-20,113,3,1000
2020-03-20,114,0,15
2020-03-20,115,2,10
2020-03-20,116,3,1000
2020-03-20,117,3,50
2020-03-20,118,2,100
2020-03-20,119,3,50
2020-03-20,120,0,100
2020-03-20,121,1,50
2020-03-20,122,0,100
2020-03-20,123,1,15
2020-03-20,124,1,50
2020-03-20,125,0,1000
2020-03-20,126,3,200
2020-03-20,127,1,1000
2020-03-20,128,2,15
2020-03-20,129,2,100
2020-03-20,130,0,15
2020-03-20,131,3,15
2020-03-20,132,1,50
2020-03-20,133,3,10
2020-03-20,134,3,1000
2020-03-20,135,1,50
2020-03-20,136,3,100
2020-03-20,137,3,1000
2020-03-20,138,3,10
2020-03-20,139,1,50
2020-03-20,140,2,15
2020-03-20,141,3,10
2020-03-20,142,1,100
2020-03-20,143,0,15
2020-03-20,144,3,10
2020-03-20,145,2,100
2020-03-20,146,1,100
2020-03-20,147,2,1000
2020-03-20,148,0,10
2020-03-20,149,3,10
2020-03-20,150,3,50
2020-03-20,151,3,100
2020-03-20,152,2,1000
2020-03-20,153,2,10
2020-03-20,154,3,50
2020-03-20,155,0,100
2020-03-20,156,0,1000
2020-03-20,157,2,200
2020-03-20,158,2,10
2020-03-20,159,3,200
2020-03-20,160,0,50
2020-03-20,161,0,100
2020-03-20,162,0,10
2020-03-20,163,0,15
2020-03-20,164,2,200
2020-03-20,165,3,1000
2020-03-20,166,3,200
2020-03-20,167,1,1000
2020-03-20,168,2,100
2020-03-20,169,1,10
2020-03-20,170,1,1000
2020-03-20,171,1,10
2020-03-20,172,0,10
2020-03-20,173,3,50
2020-03-20,174,1,200
2020-03-20,175,2,1000
2020-03-20,176,1,1000
2020-03-20,177,1,200
2020-03-20,178,2,10
2020-03-20,179,1,200
2020-03-20,180,3,200
2020-03-20,181,1,10
2020-03-20,182,3,200
2020-03-20,183,0,15
2020-03-20,184,2,50
2020-03-20,185,3,100
2020-03-20,186,3,1000
2020-03-20,187,3,10
2020-03-20,188,1,15
2020-03-20,189,0,10
2020-03-20,190,3,15
2020-03-20,191,1,200
2020-03-20,192,1,200
2020-03-20,193,2,15
2020-03-20,194,0,10
2020-03-20,195,1,10
2020-03-20,196,2,1000
2020-03-20,197,1,200
2020-03-20,198,3,50
2020-03-20,199,2,200
2020-03-20,200,2,15
2020-03-20,201,3,1000
2020-03-20,202,3,200
2020-03-20,203,2,100
2020-03-20,204,3,10
2020-03-20,205,3,10
2020-03-20,206,0,10
2020-03-20,207,0,100
2020-03-20,208,2,1000
2020-03-20,209,0,200
2020-03-20,210,0,100
2020-03-20,211,1,200
2020-03-20,212,0,50
2020-03-20,213,1,10
2020-03-20,214,3,15
2020-03-20,215,3,200
2020-03-20,216,2,1000
2020-03-20,217,3,100
2020-03-20,218,0,200
2020-03-20,219,2,1000
2020-03-20,220,2,15
2020-03-20,221,3,50
2020-03-20,222,1,50
2020-03-20,223,1,50
2020-03-20,224,1,100
2020-03-20,225,2,10
2020-03-20,226,0,15
2020-03-20,227,2,1000
2020-03-20,228,2,50
2020-03-20,229,2,15
2020-03-20,230,3,50
2020-03-20,231,0,100
2020-03-20,232,2,50
2020-03-20,233,3,15
2020-03-20,234,2,200
2020-03-20,235,2,10
2020-03-20,236,2,100
2020-03-20,237,0,15
2020-03-20,238,3,1000
2020-03-20,239,2,200
2020-03-20,240,3,15
2020-03-20,241,3,10
2020-03-20,242,0,50
2020-03-20,243,3,100
2020-03-20,244,1,100
2020-03-20,245,0,10
2020-03-20,246,2,1000
2020-03-20,247,3,10
2020-03-20,248,3,15
2020-03-20,249,2,1000
2020-03-20,250,2,15
2020-03-20,251,1,200
2020-03-20,252,2,15
2020-03-20,253,1,10
2020-03-20,254,2,10
2020-03-20,255,1,200
2020-03-20,256,2,1000
2020-03-20,257,1,1000
2020-03-20,258,2,100
2020-03-20,259,1,100
2020-03-20,260,0,200
2020-03-20,261,0,1000
2020-03-20,262,0,15
2020-03-20,263,2,50
2020-03-20,264,3,10
2020-03-20,265,3,100
2020-03-20,266,1,200
2020-03-20,267,3,15
2020-03-20,268,1,200
2020-03-20,269,3,1000
2020-03-20,270,0,200
2020-03-20,271,3,200
2020-03-20,272,3,15
2020-03-20,273,3,50
2020-03-20,274,1,200
2020-03-20,275,2,15
2020-03-20,276,1,100
2020-03-20,277,3,10
2020-03-20,278,0,50
2020-03-20,279,0,200
2020-03-20,280,3,100
2020-03-20,281,2,50
2020-03-20,282,2,10
2020-03-20,283,0,200
2020-03-20,284,3,1000
2020-03-20,285,3,200
2020-03-20,286,2,200
2020-03-20,287,1,10
2020-03-20,288,0,10
2020-03-20,289,2,1000
2020-03-20,290,0,100
2020-03-20,291,2,100
2020-03-20,292,3,10
2020-03-20,293,0,1000
2020-03-20,294,1,15
2020-03-20,295,2,100
2020-03-20,296,0,200
2020-03-20,297,1,200
2020-03-20,298,0,50
2020-03-20,299,3,100
2020-03-20,300,0,10
2020-03-20,301,3,1000
2020-03-20,302,0,15
2020-03-20,303,0,50
2020-03-20,304,1,10
2020-03-20,305,2,100
2020-03-20,306,3,10
2020-03-20,307,1,100
2020-03-20,308,2,15
2020-03-20,309,1,10
2020-03-20,310,3,100
2020-03-20,311,1,200
2020-03-20,312,2,100
2020-03-20,313,1,15
2020-03-20,314,1,50
2020-03-20,315,0,200
2020-03-20,316,0,50
2020-03-20,317,2,200
2020-03-20,318,1,100
2020-03-20,319,2,50
2020-03-20,320,2,100
2020-03-20,321,0,100
2020-03-20,322,1,15
2020-03-20,323,0,15
2020-03-20,324,3,100
2020-03-20,325,0,50
2020-03-20,326,3,15
2020-03-20,327,2,10
2020-03-20,328,1,15
2020-03-20,329,3,15
2020-03-20,330,0,15
2020-03-20,331,1,1000
2020-03-20,332,1,200
2020-03-20,333,3,1000
2020-03-20,334,1,100
2020-03-20,335,3,1000
2020-03-20,336,0,1000
2020-03-20,337,3,10
2020-03-20,338,2,200
2020-03-20,339,0,10
2020-03-20,340,3,15
2020-03-20,341,1,1000
2020-03-20,342,3,200
2020-03-20,343,2,200
2020-03-20,344,0,50
2020-03-20,345,3,10
2020-03-20,346,1,50
2020-03-20,347,1,15
2020-03-20,348,1,15
2020-03-20,349,2,1000
2020-03-20,350,1,15
2020-03-20,351,0,100
2020-03-20,352,0,50
2020-03-20,353,2,1000
2020-03-20,354,2,200
2020-03-20,355,2,15
2020-03-20,356,2,15
2020-03-20,357,1,1000
2020-03-20,358,1,15
2020-03-20,359,2,50
2020-03-20,360,1,10
2020-03-20,361,3,1000
2020-03-20,362,2,100
2020-03-20,363,2,10
2020-03-20,364,0,50
2020-03-20,365,3,200
2020-03-20,366,0,15
2020-03-20,367,3,100
2020-03-20,368,3,1000
2020-03-20,369,2,200
2020-03-20,370,2,100
2020-03-20,371,1,1000
2020-03-20,372,2,10
2020-03-20,373,0,100
2020-03-20,374,1,10
2020-03-20,375,3,200
2020-03-20,376,1,200
2020-03-20,377,1,200
2020-03-20,378,3,100
2020-03-20,379,1,15
2020-03-20,380,1,1000
2020-03-20,381,2,200
2020-03-20,382,3,50
2020-03-20,383,2,50
2020-03-20,384,0,200
2020-03-20,385,3,10
2020-03-20,386,0,50
2020-03-20,387,2,1000
2020-03-20,388,0,200
2020-03-20,389,3,10
2020-03-20,390,3,1000
2020-03-20,391,3,1000
2020-03-20,392,1,50
2020-03-20,393,1,1000
2020-03-20,394,1,10
2020-03-20,395,3,10
2020-03-20,396,2,15
2020-03-20,397,0,10
2020-03-20,398,2,100
2020-03-20,399,2,200
2020-03-20,400,0,15
2020-03-20,401,3,100
2020-03-20,402,0,15
2020-03-20,403,1,200
2020-03-20,404,1,100
2020-03-20,405,1,15
2020-03-20,406,3,15
2020-03-20,407,1,10
2020-03-20,408,1,50
2020-03-20,409,0,200
2020-03-20,410,1,200
2020-03-20,411,1,15
2020-03-20,412,2,1000
2020-03-20,413,3,10
2020-03-20,414,2,15
2020-03-20,415,0,15
2020-03-20,416,0,100
2020-03-20,417,3,100
2020-03-20,418,1,200
2020-03-20,419,3,15
2020-03-20,420,0,200
2020-03-20,421,1,10
2020-03-20,422,3,1000
2020-03-20,423,0,100
2020-03-20,424,3,15
2020-03-20,425,0,100
2020-03-20,426,1,1000
2020-03-20,427,0,50
2020-03-20,428,0,10
2020-03-20,429,0,1000
2020-03-20,430,3,1000
2020-03-20,431,3,200
2020-03-20,432,2,10
2020-03-20,433,2,10
2020-03-20,434,0,1000
2020-03-20,435,2,10
2020-03-20,436,2,100
2020-03-20,437,2,50
2020-03-20,438,2,200
2020-03-20,439,3,100
2020-03-20,440,1,100
2020-03-20,441,1,100
2020-03-20,442,1,200
2020-03-20,443,1,200
2020-03-20,444,0,15
2020-03-20,445,0,10
2020-03-20,446,0,200
2020-03-20,447,1,15
2020-03-20,448,3,10
2020-03-20,449,0,15
2020-03-20,450,1,1000
2020-03-20,451,0,15
2020-03-20,452,0,1000
2020-03-20,453,0,10
2020-03-20,454,1,15
2020-03-20,455,3,200
2020-03-20,456,1,100
2020-03-20,457,1,10
2020-03-20,458,1,100
2020-03-20,459,0,100
2020-03-20,460,0,15
2020-03-20,461,0,15
2020-03-20,462,2,1000
2020-03-20,463,1,50
2020-03-20,464,1,15
2020-03-20,465,0,10
2020-03-20,466,3,100
2020-03-20,467,0,15
2020-03-20,468,1,100
2020-03-20,469,0,15
2020-03-20,470,0,100
2020-03-20,471,1,15
2020-03-20,472,1,200
2020-03-20,473,2,100
2020-03-20,474,3,10
2020-03-20,475,0,100
2020-03-20,476,3,100
2020-03-20,477,1,200
2020-03-20,478,3,100
2020-03-20,479,1,100
2020-03-20,480,3,50
2020-03-20,481,0,1000
2020-03-20,482,0,1000
2020-03-20,483,0,100
2020-03-20,484,2,200
2020-03-20,485,3,50
2020-03-20,486,2,15
2020-03-20,487,1,50
2020-03-20,488,0,10
2020-03-20,489,1,1000
2020-03-20,490,2,10
2020-03-20,491,2,10
2020-03-20,492,1,1000
2020-03-20,493,1,1000
2020-03-20,494,3,200
2020-03-20,495,0,200
2020-03-20,496,1,100
2020-03-20,497,3,100
2020-03-20,498,0,50
2020-03-20,499,0,50
2020-03-20,500,3,15
2020-03-20,501,1,1000
2020-03-20,502,2,50
2020-03-20,503,1,50
2020-03-20,504,2,50
2020-03-20,505,3,10
2020-03-20,506,2,10
2020-03-20,507,3,15
2020-03-20,508,0,1000
2020-03-20,509,3,100
2020-03-20,510,3,200
2020-03-20,511,1,100
2020-03-20,512,0,10
2020-03-20,513,3,100
2020-03-20,514,3,15
2020-03-20,515,3,1000
2020-03-20,516,0,50
2020-03-20,517,1,1000
2020-03-20,518,1,200
2020-03-20,519,1,10
2020-03-20,520,1,100
2020-03-20,521,3,10
2020-03-20,522,3,100
2020-03-20,523,0,1000
2020-03-20,524,2,100
2020-03-20,525,3,50
2020-03-20,526,1,10
2020-03-20,527,0,15
2020-03-20,528,1,1000
2020-03-20,529,2,100
2020-03-20,530,0,10
2020-03-20,531,2,10
2020-03-20,532,1,15
2020-03-20,533,2,50
2020-03-20,534,1,100
2020-03-20,535,0,10
2020-03-20,536,2,15
2020-03-20,537,1,100
2020-03-20,538,3,15
2020-03-20,539,3,10
2020-03-20,540,3,10
2020-03-20,541,3,50
2020-03-20,542,0,100
2020-03-20,543,2,10
2020-03-20,544,3,200
2020-03-20,545,2,1000
2020-03-20,546,0,100
2020-03-20,547,1,200
2020-03-20,548,1,1000
2020-03-20,549,3,200
2020-03-20,550,3,100
2020-03-20,551,3,1000
2020-03-20,552,0,100
2020-03-20,553,3,200
2020-03-20,554,0,200
2020-03-20,555,0,15
2020-03-20,556,0,1000
2020-03-20,557,1,200
2020-03-20,558,3,200
2020-03-20,559,0,15
2020-03-20,560,2,10
2020-03-20,561,2,100
2020-03-20,562,3,200
2020-03-20,563,1,1000
2020-03-20,564,2,200
2020-03-20,565,3,10
2020-03-20,566,1,10
2020-03-20,567,0,15
2020-03-20,568,1,1000
2020-03-20,569,2,15
2020-03-20,570,3,50
2020-03-20,571,1,10
2020-03-20,572,2,200
2020-03-20,573,3,15
2020-03-20,574,1,10
2020-03-20,575,3,200
2020-03-20,576,1,50
2020-03-20,577,1,10
2020-03-20,578,2,10
2020-03-20,579,0,50
2020-03-20,580,2,200
2020-03-20,581,1,15
2020-03-20,582,1,100
2020-03-20,583,0,50
2020-03-20,584,2,1000
2020-03-20,585,2,50
2020-03-20,586,0,10
2020-03-20,587,1,100
2020-03-20,588,0,10
2020-03-20,589,2,10
2020-03-20,590,1,15
2020-03-20,591,1,1000
2020-03-20,592,0,10
2020-03-20,593,3,1000
2020-03-20,594,3,50
2020-03-20,595,3,100
2020-03-20,596,3,100
2020-03-20,597,3,100
2020-03-20,598,2,10
2020-03-20,599,2,100
2020-03-20,600,0,100
2020-03-20,601,1,1000
2020-03-20,602,0,1000
2020-03-20,603,2,10
2020-03-20,604,0,50
2020-03-20,605,1,15
2020-03-20,606,2,100
2020-03-20,607,2,1000
2020-03-20,608,1,50
2020-03-20,609,2,100
2020-03-20,610,0,1000
2020-03-20,611,1,50
2020-03-20,612,2,50
2020-03-20,613,3,1000
2020-03-20,614,3,10
2020-03-20,615,1,200
2020-03-20,616,3,50
2020-03-20,617,0,50
2020-03-20,618,0,50
2020-03-20,619,3,200
2020-03-20,620,3,10
2020-03-20,621,1,15
2020-03-20,622,3,100
2020-03-20,623,0,1000
2020-03-20,624,0,15
2020-03-20,625,0,200
2020-03-20,626,3,15
2020-03-20,627,1,10
2020-03-20,628,1,200
2020-03-20,629,0,15
2020-03-20,630,0,200
2020-03-20,631,1,10
2020-03-20,632,3,200
2020-03-20,633,1,200
2020-03-20,634,2,10
2020-03-20,635,3,10
2020-03-20,636,1,200
2020-03-20,637,3,1000
2020-03-20,638,1,10
2020-03-20,639,3,50
2020-03-20,640,2,10
2020-03-20,641,0,10
2020-03-20,642,1,200
2020-03-20,643,2,1000
2020-03-20,644,3,200
2020-03-20,645,3,1000
2020-03-20,646,3,15
2020-03-20,647,0,15
2020-03-20,648,3,50
2020-03-20,649,1,50
2020-03-20,650,3,1000
2020-03-20,651,2,100
2020-03-20,652,1,15
2020-03-20,653,1,50
2020-03-20,654,2,10
2020-03-20,655,0,200
2020-03-20,656,0,200
2020-03-20,657,3,100
2020-03-20,658,2,10
2020-03-20,659,3,15
2020-03-20,660,2,10
2020-03-20,661,1,15
2020-03-20,662,0,100
2020-03-20,663,0,15
2020-03-20,664,3,15
2020-03-20,665,2,200
2020-03-20,666,1,1000
2020-03-20,667,3,50
2020-03-20,668,2,100
2020-03-20,669,3,1000
2020-03-20,670,2,100
2020-03-20,671,3,100
2020-03-20,672,0,10
2020-03-20,673,3,1000
2020-03-20,674,3,50
2020-03-20,675,0,200
2020-03-20,676,0,15
2020-03-20,677,3,10
2020-03-20,678,1,200
2020-03-20,679,0,50
2020-03-20,680,0,50
2020-03-20,681,1,50
2020-03-20,682,2,1000
2020-03-20,683,0,100
2020-03-20,684,3,50
2020-03-20,685,3,50
2020-03-20,686,1,200
2020-03-20,687,0,50
2020-03-20,688,0,1000
2020-03-20,689,3,15
2020-03-20,690,3,200
2020-03-20,691,2,200
2020-03-20,692,3,10
2020-03-20,693,2,10
2020-03-20,694,2,200
2020-03-20,695,3,15
2020-03-20,696,3,100
2020-03-20,697,3,100
2020-03-20,698,0,50
2020-03-20,699,0,1000
2020-03-20,700,0,100
2020-03-20,701,2,200
2020-03-20,702,3,15
2020-03-20,703,2,1000
2020-03-20,704,2,200
2020-03-20,705,2,100
2020-03-20,706,3,100
2020-03-20,707,1,100
2020-03-20,708,0,50
2020-03-20,709,3,50
2020-03-20,710,2,15
2020-03-20,711,1,200
2020-03-20,712,3,10
2020-03-20,713,0,15
2020-03-20,714,0,10
2020-03-20,715,0,200
2020-03-20,716,1,15
2020-03-20,717,0,1000
2020-03-20,718,1,100
2020-03-20,719,0,100
2020-03-20,720,0,100
2020-03-20,721,0,200
2020-03-20,722,0,1000
2020-03-20,723,1,10
2020-03-20,724,0,200
2020-03-20,725,3,15
2020-03-20,726,1,50
2020-03-20,727,2,200
2020-03-20,728,0,50
2020-03-20,729,0,1000
2020-03-20,730,2,1000
2020-03-20,731,1,200
2020-03-20,732,0,15
2020-03-20,733,3,50
2020-03-20,734,3,15
2020-03-20,735,1,15
2020-03-20,736,3,200
2020-03-20,737,1,100
2020-03-20,738,1,50
2020-03-20,739,3,50
2020-03-20,740,0,15
2020-03-20,741,1,10
2020-03-20,742,0,50
2020-03-20,743,1,15
2020-03-20,744,0,1000
2020-03-20,745,3,100
2020-03-20,746,1,10
2020-03-20,747,1,200
2020-03-20,748,1,15
2020-03-20,749,3,1000
2020-03-20,750,2,10
2020-03-20,751,3,1000
2020-03-20,752,3,15
2020-03-20,753,3,10
2020-03-20,754,2,10
2020-03-20,755,3,10
2020-03-20,756,2,50
2020-03-20,757,1,1000
2020-03-20,758,3,1000
2020-03-20,759,1,10
2020-03-20,760,3,50
2020-03-20,761,2,1000
2020-03-20,762,2,100
2020-03-20,763,3,100
2020-03-20,764,0,15
2020-03-20,765,3,100
2020-03-20,766,2,15
2020-03-20,767,3,10
2020-03-20,768,1,1000
2020-03-20,769,1,10
2020-03-20,770,0,100
2020-03-20,771,1,10
2020-03-20,772,2,10
2020-03-20,773,1,15
2020-03-20,774,2,200
2020-03-20,775,0,1000
2020-03-20,776,1,50
2020-03-20,777,3,15
2020-03-20,778,2,50
2020-03-20,779,3,15
2020-03-20,780,3,100
2020-03-20,781,2,10
2020-03-20,782,3,1000
2020-03-20,783,0,100
2020-03-20,784,3,15
2020-03-20,785,3,50
2020-03-20,786,0,15
2020-03-20,787,3,15
2020-03-20,788,1,15
2020-03-20,789,0,1000
2020-03-20,790,2,100
2020-03-20,791,1,15
2020-03-20,792,1,200
2020-03-20,793,0,15
2020-03-20,794,3,50
2020-03-20,795,0,15
2020-03-20,796,1,15
2020-03-20,797,0,1000
2020-03-20,798,1,1000
2020-03-20,799,1,10
2020-03-20,800,2,50
2020-03-20,801,1,10
2020-03-20,802,2,200
2020-03-20,803,0,200
2020-03-20,804,1,15
2020-03-20,805,3,100
2020-03-20,806,2,10
2020-03-20,807,1,100
2020-03-20,808,0,100
2020-03-20,809,3,10
2020-03-20,810,0,100
2020-03-20,811,1,50
2020-03-20,812,2,15
2020-03-20,813,0,50
2020-03-20,814,0,15
2020-03-20,815,1,10
2020-03-20,816,0,200
2020-03-20,817,0,200
2020-03-20,818,3,15
2020-03-20,819,2,1000
2020-03-20,820,2,100
2020-03-20,821,1,50
2020-03-20,822,2,10
2020-03-20,823,2,1000
2020-03-20,824,2,100
2020-03-20,825,1,200
2020-03-20,826,3,15
2020-03-20,827,3,50
2020-03-20,828,1,15
2020-03-20,829,0,200
2020-03-20,830,1,50
2020-03-20,831,2,15
2020-03-20,832,1,1000
2020-03-20,833,0,200
2020-03-20,834,3,1000
2020-03-20,835,0,200
2020-03-20,836,2,15
2020-03-20,837,0,15
2020-03-20,838,0,15
2020-03-20,839,0,200
2020-03-20,840,3,200
2020-03-20,841,1,200
2020-03-20,842,1,10
2020-03-20,843,2,1000
2020-03-20,844,0,1000
2020-03-20,845,0,200
2020-03-20,846,3,100
2020-03-20,847,2,15
2020-03-20,848,1,15
2020-03-20,849,2,100
2020-03-20,850,3,15
2020-03-20,851,0,100
2020-03-20,852,2,100
2020-03-20,853,0,100
2020-03-20,854,2,1000
2020-03-20,855,2,200
2020-03-20,856,1,200
2020-03-20,857,3,200
2020-03-20,858,1,50
2020-03-20,859,2,10
2020-03-20,860,1,10
2020-03-20,861,3,200
2020-03-20,862,1,100
2020-03-20,863,2,15
2020-03-20,864,3,15
2020-03-20,865,0,15
2020-03-20,866,0,1000
2020-03-20,867,3,200
2020-03-20,868,1,10
2020-03-20,869,2,1000
2020-03-20,870,2,200
2020-03-20,871,0,100
2020-03-20,872,1,10
2020-03-20,873,3,1000
2020-03-20,874,3,50
2020-03-20,875,2,200
2020-03-20,876,0,200
2020-03-20,877,0,15
2020-03-20,878,1,200
2020-03-20,879,0,200
2020-03-20,880,2,100
2020-03-20,881,3,15
2020-03-20,882,0,200
2020-03-20,883,3,10
2020-03-20,884,2,10
2020-03-20,885,1,10
2020-03-20,886,2,100
2020-03-20,887,2,10
2020-03-20,888,2,10
2020-03-20,889,3,200
2020-03-20,890,2,1000
2020-03-20,891,0,200
2020-03-20,892,0,200
2020-03-20,893,3,200
2020-03-20,894,0,10
2020-03-20,895,2,1000
2020-03-20,896,1,200
2020-03-20,897,1,15
2020-03-20,898,3,15
2020-03-20,899,2,10
2020-03-20,900,1,50
2020-03-20,901,1,10
2020-03-20,902,0,10
2020-03-20,903,1,10
2020-03-20,904,2,100
2020-03-20,905,2,200
2020-03-20,906,1,100
2020-03-20,907,1,50
2020-03-20,908,2,15
2020-03-20,909,1,50
2020-03-20,910,3,1000
2020-03-20,911,3,100
2020-03-20,912,3,1000
2020-03-20,913,1,200
2020-03-20,914,1,200
2020-03-20,915,1,200
2020-03-20,916,0,200
2020-03-20,917,0,200
2020-03-20,918,2,100
2020-03-20,919,2,50
2020-03-20,920,1,10
2020-03-20,921,1,1000
2020-03-20,922,1,10
2020-03-20,923,1,100
2020-03-20,924,2,15
2020-03-20,925,3,50
2020-03-20,926,0,15
2020-03-20,927,2,10
2020-03-20,928,0,50
2020-03-20,929,3,1000
2020-03-20,930,2,200
2020-03-20,931,1,15
2020-03-20,932,3,10
2020-03-20,933,2,1000
2020-03-20,934,3,1000
2020-03-20,935,3,1000
2020-03-20,936,3,50
2020-03-20,937,3,100
2020-03-20,938,1,1000
2020-03-20,939,0,100
2020-03-20,940,0,1000
2020-03-20,941,1,50
2020-03-20,942,2,15
2020-03-20,943,2,15
2020-03-20,944,3,10
2020-03-20,945,1,1000
2020-03-20,946,3,15
2020-03-20,947,0,200
2020-03-20,948,3,100
2020-03-20,949,0,10
2020-03-20,950,3,15
2020-03-20,951,2,1000
2020-03-20,952,0,100
2020-03-20,953,0,50
2020-03-20,954,3,15
2020-03-20,955,2,10
2020-03-20,956,0,100
2020-03-20,957,3,15
2020-03-20,958,1,200
2020-03-20,959,1,10
2020-03-20,960,1,15
2020-03-20,961,1,100
2020-03-20,962,1,100
2020-03-20,963,0,10
2020-03-20,964,2,1000
2020-03-20,965,1,10
2020-03-20,966,1,50
2020-03-20,967,0,1000
2020-03-20,968,2,200
2020-03-20,969,3,200
2020-03-20,970,1,1000
2020-03-20,971,2,200
2020-03-20,972,1,100
2020-03-20,973,3,100
2020-03-20,974,3,50
2020-03-20,975,1,15
2020-03-20,976,1,15
2020-03-20,977,0,15
2020-03-20,978,2,10
2020-03-20,979,1,15
2020-03-20,980,0,10
2020-03-20,981,0,50
2020-03-20,982,1,1000
2020-03-20,983,0,50
2020-03-20,984,0,100
2020-03-20,985,0,200
2020-03-20,986,3,50
2020-03-20,987,1,50
2020-03-20,988,1,50
2020-03-20,989,3,15
2020-03-20,990,3,10
2020-03-20,991,1,10
2020-03-20,992,1,1000
2020-03-20,993,3,100
2020-03-20,994,3,15
2020-03-20,995,3,10
2020-03-20,996,2,15
2020-03-20,997,1,50
2020-03-20,998,0,100
2020-03-20,999,0,50
2020-03-20,1000,1,1000
2020-03-20,1001,0,100
2020-03-20,1002,2,1000
2020-03-20,1003,3,15
2020-03-20,1004,3,1000
2020-03-20,1005,1,100
2020-03-20,1006,1,200
2020-03-20,1007,1,200
2020-03-20,1008,2,50
2020-03-20,1009,0,10
2020-03-20,1010,2,10
2020-03-20,1011,1,50
2020-03-20,1012,2,15
2020-03-20,1013,2,15
2020-03-20,1014,0,1000
2020-03-20,1015,1,10
2020-03-20,1016,1,100
2020-03-20,1017,3,1000
2020-03-20,1018,0,200
2020-03-20,1019,3,15
2020-03-20,1020,0,100
2020-03-20,1021,2,1000
2020-03-20,1022,0,1000
2020-03-20,1023,1,1000
2020-03-20,1024,3,200
2020-03-20,1025,1,10
2020-03-20,1026,1,1000
2020-03-20,1027,3,100
2020-03-20,1028,0,15
2020-03-20,1029,1,200
2020-03-20,1030,1,200
2020-03-20,1031,1,100
2020-03-20,1032,1,200
2020-03-20,1033,0,200
2020-03-20,1034,1,200
2020-03-20,1035,0,200
2020-03-20,1036,3,10
2020-03-20,1037,1,10
2020-03-20,1038,2,15
2020-03-20,1039,3,10
2020-03-20,1040,1,1000
2020-03-20,1041,0,200
2020-03-20,1042,1,15
2020-03-20,1043,2,10
2020-03-20,1044,1,10
2020-03-20,1045,1,100
2020-03-20,1046,1,50
2020-03-20,1047,1,15
2020-03-20,1048,2,15
2020-03-20,1049,1,50
2020-03-20,1050,3,15
2020-03-20,1051,3,1000
2020-03-20,1052,2,100
2020-03-20,1053,0,50
2020-03-20,1054,1,50
2020-03-20,1055,0,1000
2020-03-20,1056,1,50
2020-03-20,1057,3,1000
2020-03-20,1058,0,1000
2020-03-20,1059,1,100
2020-03-20,1060,3,10
2020-03-20,1061,1,100
2020-03-20,1062,0,50
2020-03-20,1063,1,10
2020-03-20,1064,3,1000
2020-03-20,1065,3,200
2020-03-20,1066,1,200
2020-03-20,1067,2,1000
2020-03-20,1068,2,1000
2020-03-20,1069,1,200
2020-03-20,1070,1,15
2020-03-20,1071,3,1000
2020-03-20,1072,1,10
2020-03-20,1073,2,100
2020-03-20,1074,3,200
2020-03-20,1075,3,100
2020-03-20,1076,3,1000
2020-03-20,1077,0,100
2020-03-20,1078,1,15
2020-03-20,1079,2,15
2020-03-20,1080,2,15
2020-03-20,1081,2,10
2020-03-20,1082,3,100
2020-03-20,1083,2,50
2020-03-20,1084,3,15
2020-03-20,1085,1,10
2020-03-20,1086,3,15
2020-03-20,1087,0,50
2020-03-20,1088,3,200
2020-03-20,1089,1,200
2020-03-20,1090,2,100
2020-03-20,1091,3,200
2020-03-20,1092,0,200
2020-03-20,1093,3,15
2020-03-20,1094,3,200
2020-03-20,1095,3,100
2020-03-20,1096,0,200
2020-03-20,1097,1,10
2020-03-20,1098,0,100
2020-03-20,1099,3,10
