2020-03-13,100,3,10
2020-03-13,101,3,200
2020-03-13,102,1,50
2020-03-13,103,3,200
2020-03-13,104,3,200
2020-03-13,105,0,10
2020-03-13,106,0,50
2020-03-13,107,3,200
2020-03-13,108,0,1000
2020-03-13,109,1,50
2020-03-13,110,2,50
2020-03-13,111,0,15
2020-03-13,112,0,50
2020-03-13,113,2,100
2020-03-13,114,1,100
2020-03-13,115,1,15
2020-03-13,116,3,200
2020-03-13,117,2,10
2020-03-13,118,3,50
2020-03-13,119,2,1000
2020-03-13,120,3,100
2020-03-13,121,2,200
2020-03-13,122,3,100
2020-03-13,123,3,50
2020-03-13,124,3,100
2020-03-13,125,2,200
2020-03-13,126,2,10
2020-03-13,127,0,50
2020-03-13,128,2,100
2020-03-13,129,1,100
2020-03-13,130,2,1000
2020-03-13,131,1,50
2020-03-13,132,2,50
2020-03-13,133,0,10
2020-03-13,134,2,50
2020-03-13,135,0,100
2020-03-13,136,1,15
2020-03-13,137,3,50
2020-03-13,138,1,15
2020-03-13,139,2,10
2020-03-13,140,1,10
2020-03-13,141,1,50
2020-03-13,142,0,10
2020-03-13,143,2,15
2020-03-13,144,2,10
2020-03-13,145,0,50
2020-03-13,146,2,1000
2020-03-13,147,0,100
2020-03-13,148,3,200
2020-03-13,149,1,200
2020-03-13,150,0,15
2020-03-13,151,0,15
2020-03-13,152,3,15
2020-03-13,153,0,1000
2020-03-13,154,0,100
2020-03-13,155,1,10
2020-03-13,156,2,10
2020-03-13,157,1,1000
2020-03-13,158,3,1000
2020-03-13,159,1,15
2020-03-13,160,3,100
2020-03-13,161,2,100
2020-03-13,162,0,1000
2020-03-13,163,2,10
2020-03-13,164,0,10
2020-03-13,165,1,200
2020-03-13,166,0,10
2020-03-13,167,0,15
2020-03-13,168,0,1000
2020-03-13,169,2,10
2020-03-13,170,2,1000
2020-03-13,171,1,50
2020-03-13,172,1,200
2020-03-13,173,3,1000
2020-03-13,174,2,10
2020-03-13,175,3,10
2020-03-13,176,3,1000
2020-03-13,177,3,50
2020-03-13,178,3,50
2020-03-13,179,1,100
2020-03-13,180,3,10
2020-03-13,181,3,10
2020-03-13,182,2,10
2020-03-13,183,0,10
2020-03-13,184,1,200
2020-03-13,185,2,1000
2020-03-13,186,0,50
2020-03-13,187,1,100
2020-03-13,188,3,100
2020-03-13,189,0,50
2020-03-13,190,3,15
2020-03-13,191,1,1000
2020-03-13,192,2,10
2020-03-13,193,3,50
2020-03-13,194,3,1000
2020-03-13,195,3,100
2020-03-13,196,0,50
2020-03-13,197,1,50
2020-03-13,198,2,10
2020-03-13,199,0,1000
2020-03-13,200,0,200
2020-03-13,201,0,200
2020-03-13,202,2,100
2020-03-13,203,3,50
2020-03-13,204,2,15
2020-03-13,205,2,50
2020-03-13,206,1,1000
2020-03-13,207,3,100
2020-03-13,208,1,100
2020-03-13,209,3,100
2020-03-13,210,3,50
2020-03-13,211,1,100
2020-03-13,212,1,1000
2020-03-13,213,2,50
2020-03-13,214,0,200
2020-03-13,215,2,1000
2020-03-13,216,0,50
2020-03-13,217,3,200
2020-03-13,218,2,10
2020-03-13,219,3,15
2020-03-13,220,1,15
2020-03-13,221,0,50
2020-03-13,222,1,200
2020-03-13,223,2,50
2020-03-13,224,1,10
2020-03-13,225,1,50
2020-03-13,226,0,10
2020-03-13,227,1,50
2020-03-13,228,1,200
2020-03-13,229,3,50
2020-03-13,230,2,15
2020-03-13,231,0,10
2020-03-13,232,0,100
2020-03-13,233,3,50
2020-03-13,234,2,15
2020-03-13,235,0,200
2020-03-13,236,2,200
2020-03-13,237,0,50
2020-03-13,238,3,15
2020-03-13,239,2,100
2020-03-13,240,0,50
2020-03-13,241,3,200
2020-03-13,242,2,200
2020-03-13,243,1,1000
2020-03-13,244,1,1000
2020-03-13,245,1,10
2020-03-13,246,0,15
2020-03-13,247,1,15
2020-03-13,248,3,200
2020-03-13,249,2,50
2020-03-13,250,1,15
2020-03-13,251,2,100
2020-03-13,252,2,10
2020-03-13,253,0,100
2020-03-13,254,2,50
2020-03-13,255,1,10
2020-03-13,256,1,1000
2020-03-13,257,3,50
2020-03-13,258,1,10
2020-03-13,259,1,15
2020-03-13,260,2,1000
2020-03-13,261,1,100
2020-03-13,262,1,100
2020-03-13,263,1,200
2020-03-13,264,0,50
2020-03-13,265,2,50
2020-03-13,266,0,10
2020-03-13,267,3,1000
2020-03-13,268,1,50
2020-03-13,269,1,10
2020-03-13,270,2,100
2020-03-13,271,2,1000
2020-03-13,272,2,1000
2020-03-13,273,2,15
2020-03-13,274,1,100
2020-03-13,275,2,200
2020-03-13,276,2,15
2020-03-13,277,3,200
2020-03-13,278,2,100
2020-03-13,279,3,200
2020-03-13,280,1,200
2020-03-13,281,0,100
2020-03-13,282,3,15
2020-03-13,283,3,15
2020-03-13,284,0,50
2020-03-13,285,3,1000
2020-03-13,286,0,50
2020-03-13,287,1,100
2020-03-13,288,2,200
2020-03-13,289,3,15
2020-03-13,290,2,1000
2020-03-13,291,0,200
2020-03-13,292,2,1000
2020-03-13,293,3,15
2020-03-13,294,1,1000
2020-03-13,295,3,10
2020-03-13,296,3,1000
2020-03-13,297,0,10
2020-03-13,298,3,10
2020-03-13,299,2,10
2020-03-13,300,2,15
2020-03-13,301,1,50
2020-03-13,302,2,100
2020-03-13,303,3,100
2020-03-13,304,3,50
2020-03-13,305,0,50
2020-03-13,306,3,50
2020-03-13,307,0,200
2020-03-13,308,1,100
2020-03-13,309,1,15
2020-03-13,310,2,1000
2020-03-13,311,2,50
2020-03-13,312,3,10
2020-03-13,313,3,50
2020-03-13,314,3,1000
2020-03-13,315,0,15
2020-03-13,316,3,15
2020-03-13,317,3,200
2020-03-13,318,1,50
2020-03-13,319,0,10
2020-03-13,320,3,15
2020-03-13,321,3,15
2020-03-13,322,2,15
2020-03-13,323,0,10
2020-03-13,324,0,1000
2020-03-13,325,2,200
2020-03-13,326,1,100
2020-03-13,327,2,50
2020-03-13,328,0,15
2020-03-13,329,3,15
2020-03-13,330,3,50
2020-03-13,331,1,50
2020-03-13,332,3,15
2020-03-13,333,0,1000
2020-03-13,334,0,1000
2020-03-13,335,0,100
2020-03-13,336,3,1000
2020-03-13,337,2,200
2020-03-13,338,0,100
2020-03-13,339,2,15
2020-03-13,340,0,50
2020-03-13,341,0,100
2020-03-13,342,1,1000
2020-03-13,343,3,100
2020-03-13,344,1,100
2020-03-13,345,1,50
2020-03-13,346,2,200
2020-03-13,347,1,15
2020-03-13,348,0,200
2020-03-13,349,2,100
2020-03-13,350,2,100
2020-03-13,351,2,100
2020-03-13,352,3,10
2020-03-13,353,2,1000
2020-03-13,354,1,10
2020-03-13,355,3,15
2020-03-13,356,2,100
2020-03-13,357,1,10
2020-03-13,358,0,10
2020-03-13,359,0,50
2020-03-13,360,2,100
2020-03-13,361,1,1000
2020-03-13,362,0,10
2020-03-13,363,3,200
2020-03-13,364,1,1000
2020-03-13,365,0,100
2020-03-13,366,2,15
2020-03-13,367,1,100
2020-03-13,368,0,1000
2020-03-13,369,3,100
2020-03-13,370,3,100
2020-03-13,371,3,1000
2020-03-13,372,0,200
2020-03-13,373,1,100
2020-03-13,374,1,15
2020-03-13,375,0,15
2020-03-13,376,3,200
2020-03-13,377,2,50
2020-03-13,378,0,200
2020-03-13,379,1,100
2020-03-13,380,1,200
2020-03-13,381,2,100
2020-03-13,382,3,1000
2020-03-13,383,1,100
2020-03-13,384,3,100
2020-03-13,385,1,1000
2020-03-13,386,3,15
2020-03-13,387,3,1000
2020-03-13,388,1,1000
2020-03-13,389,3,100
2020-03-13,390,2,100
2020-03-13,391,3,1000
2020-03-13,392,1,1000
2020-03-13,393,3,10
2020-03-13,394,1,10
2020-03-13,395,1,15
2020-03-13,396,2,200
2020-03-13,397,3,100
2020-03-13,398,1,10
2020-03-13,399,1,15
2020-03-13,400,2,10
2020-03-13,401,3,1000
2020-03-13,402,2,50
2020-03-13,403,1,50
2020-03-13,404,2,1000
2020-03-13,405,0,15
2020-03-13,406,3,1000
2020-03-13,407,1,200
2020-03-13,408,2,1000
2020-03-13,409,2,1000
2020-03-13,410,1,200
2020-03-13,411,2,100
2020-03-13,412,1,15
2020-03-13,413,0,1000
2020-03-13,414,0,200
2020-03-13,415,0,10
2020-03-13,416,1,100
2020-03-13,417,2,15
2020-03-13,418,1,10
2020-03-13,419,2,50
2020-03-13,420,3,10
2020-03-13,421,2,1000
2020-03-13,422,1,50
2020-03-13,423,0,50
2020-03-13,424,0,100
2020-03-13,425,0,50
2020-03-13,426,2,15
2020-03-13,427,1,15
2020-03-13,428,2,50
2020-03-13,429,0,15
2020-03-13,430,3,50
2020-03-13,431,0,50
2020-03-13,432,3,200
2020-03-13,433,0,10
2020-03-13,434,1,15
2020-03-13,435,1,100
2020-03-13,436,0,10
2020-03-13,437,0,10
2020-03-13,438,0,1000
2020-03-13,439,0,1000
2020-03-13,440,2,200
2020-03-13,441,1,1000
2020-03-13,442,2,1000
2020-03-13,443,3,1000
2020-03-13,444,2,10
2020-03-13,445,3,10
2020-03-13,446,0,15
2020-03-13,447,1,200
2020-03-13,448,2,15
2020-03-13,449,2,15
2020-03-13,450,3,100
2020-03-13,451,3,100
2020-03-13,452,2,10
2020-03-13,453,1,100
2020-03-13,454,0,200
2020-03-13,455,0,200
2020-03-13,456,2,10
2020-03-13,457,3,15
2020-03-13,458,2,200
2020-03-13,459,2,15
2020-03-13,460,1,10
2020-03-13,461,0,15
2020-03-13,462,0,15
2020-03-13,463,0,200
2020-03-13,464,3,100
2020-03-13,465,2,15
2020-03-13,466,3,50
2020-03-13,467,2,100
2020-03-13,468,1,15
2020-03-13,469,3,100
2020-03-13,470,1,200
2020-03-13,471,2,1000
2020-03-13,472,1,10
2020-03-13,473,3,200
2020-03-13,474,1,200
2020-03-13,475,0,100
2020-03-13,476,2,200
2020-03-13,477,0,1000
2020-03-13,478,3,50
2020-03-13,479,1,50
2020-03-13,480,2,200
2020-03-13,481,3,100
2020-03-13,482,1,50
2020-03-13,483,3,200
2020-03-13,484,1,10
2020-03-13,485,2,50
2020-03-13,486,0,50
2020-03-13,487,3,200
2020-03-13,488,3,200
2020-03-13,489,0,15
2020-03-13,490,1,15
2020-03-13,491,1,15
2020-03-13,492,3,50
2020-03-13,493,1,200
2020-03-13,494,0,100
2020-03-13,495,2,50
2020-03-13,496,0,1000
2020-03-13,497,3,100
2020-03-13,498,3,10
2020-03-13,499,1,1000
2020-03-13,500,3,15
2020-03-13,501,0,200
2020-03-13,502,3,1000
2020-03-13,503,3,200
2020-03-13,504,3,100
2020-03-13,505,2,10
2020-03-13,506,2,200
2020-03-13,507,1,10
2020-03-13,508,0,200
2020-03-13,509,1,15
2020-03-13,510,3,15
2020-03-13,511,0,200
2020-03-13,512,0,100
2020-03-13,513,1,10
2020-03-13,514,3,10
2020-03-13,515,1,15
2020-03-13,516,1,10
2020-03-13,517,1,10
2020-03-13,518,1,100
2020-03-13,519,2,50
2020-03-13,520,1,15
2020-03-13,521,1,200
2020-03-13,522,3,10
2020-03-13,523,3,200
2020-03-13,524,3,1000
2020-03-13,525,2,10
2020-03-13,526,2,50
2020-03-13,527,2,15
2020-03-13,528,1,1000
2020-03-13,529,2,1000
2020-03-13,530,1,200
2020-03-13,531,3,10
2020-03-13,532,3,15
2020-03-13,533,0,10
2020-03-13,534,2,15
2020-03-13,535,0,15
2020-03-13,536,0,200
2020-03-13,537,1,1000
2020-03-13,538,1,15
2020-03-13,539,3,200
2020-03-13,540,3,50
2020-03-13,541,0,1000
2020-03-13,542,3,200
2020-03-13,543,0,50
2020-03-13,544,2,50
2020-03-13,545,0,200
2020-03-13,546,3,200
2020-03-13,547,2,100
2020-03-13,548,3,10
2020-03-13,549,0,15
2020-03-13,550,1,100
2020-03-13,551,1,10
2020-03-13,552,0,1000
2020-03-13,553,1,10
2020-03-13,554,3,1000
2020-03-13,555,3,1000
2020-03-13,556,2,100
2020-03-13,557,2,100
2020-03-13,558,2,10
2020-03-13,559,3,10
2020-03-13,560,2,1000
2020-03-13,561,1,200
2020-03-13,562,3,10
2020-03-13,563,2,1000
2020-03-13,564,2,50
2020-03-13,565,0,10
2020-03-13,566,0,200
2020-03-13,567,1,50
2020-03-13,568,0,100
2020-03-13,569,0,10
2020-03-13,570,2,50
2020-03-13,571,2,1000
2020-03-13,572,3,50
2020-03-13,573,1,15
2020-03-13,574,3,100
2020-03-13,575,3,100
2020-03-13,576,3,15
2020-03-13,577,1,100
2020-03-13,578,1,50
2020-03-13,579,1,200
2020-03-13,580,3,50
2020-03-13,581,3,15
2020-03-13,582,3,50
2020-03-13,583,3,50
2020-03-13,584,2,50
2020-03-13,585,3,200
2020-03-13,586,0,100
2020-03-13,587,0,100
2020-03-13,588,2,15
2020-03-13,589,1,10
2020-03-13,590,3,200
2020-03-13,591,1,1000
2020-03-13,592,3,1000
2020-03-13,593,3,200
2020-03-13,594,1,1000
2020-03-13,595,1,50
2020-03-13,596,1,200
2020-03-13,597,0,200
2020-03-13,598,2,15
2020-03-13,599,1,15
2020-03-13,600,3,15
2020-03-13,601,0,100
2020-03-13,602,3,15
2020-03-13,603,0,1000
2020-03-13,604,3,100
2020-03-13,605,0,200
2020-03-13,606,1,200
2020-03-13,607,1,1000
2020-03-13,608,3,100
2020-03-13,609,1,15
2020-03-13,610,0,200
2020-03-13,611,1,200
2020-03-13,612,1,200
2020-03-13,613,2,1000
2020-03-13,614,2,15
2020-03-13,615,3,100
2020-03-13,616,0,15
2020-03-13,617,0,100
2020-03-13,618,0,15
2020-03-13,619,0,200
2020-03-13,620,1,50
2020-03-13,621,2,100
2020-03-13,622,2,15
2020-03-13,623,0,10
2020-03-13,624,0,1000
2020-03-13,625,2,100
2020-03-13,626,1,50
2020-03-13,627,2,1000
2020-03-13,628,2,10
2020-03-13,629,1,200
2020-03-13,630,0,200
2020-03-13,631,2,200
2020-03-13,632,1,10
2020-03-13,633,1,1000
2020-03-13,634,0,100
2020-03-13,635,2,50
2020-03-13,636,1,200
2020-03-13,637,0,1000
2020-03-13,638,2,50
2020-03-13,639,3,100
2020-03-13,640,0,100
2020-03-13,641,1,100
2020-03-13,642,1,15
2020-03-13,643,2,200
2020-03-13,644,1,15
2020-03-13,645,2,15
2020-03-13,646,2,10
2020-03-13,647,3,10
2020-03-13,648,2,100
2020-03-13,649,3,10
2020-03-13,650,2,50
2020-03-13,651,1,200
2020-03-13,652,3,50
2020-03-13,653,2,10
2020-03-13,654,1,10
2020-03-13,655,3,100
2020-03-13,656,0,1000
2020-03-13,657,3,1000
2020-03-13,658,2,1000
2020-03-13,659,2,15
2020-03-13,660,2,50
2020-03-13,661,1,15
2020-03-13,662,2,15
2020-03-13,663,0,1000
2020-03-13,664,0,50
2020-03-13,665,3,10
2020-03-13,666,0,10
2020-03-13,667,0,1000
2020-03-13,668,0,10
2020-03-13,669,1,200
2020-03-13,670,2,50
2020-03-13,671,0,10
2020-03-13,672,2,100
2020-03-13,673,3,200
2020-03-13,674,2,50
2020-03-13,675,0,100
2020-03-13,676,2,15
2020-03-13,677,2,10
2020-03-13,678,1,100
2020-03-13,679,2,50
2020-03-13,680,1,100
2020-03-13,681,3,50
2020-03-13,682,1,200
2020-03-13,683,3,10
2020-03-13,684,0,1000
2020-03-13,685,2,1000
2020-03-13,686,3,200
2020-03-13,687,2,50
2020-03-13,688,3,200
2020-03-13,689,2,1000
2020-03-13,690,1,50
2020-03-13,691,0,50
2020-03-13,692,2,1000
2020-03-13,693,3,10
2020-03-13,694,3,15
2020-03-13,695,2,10
2020-03-13,696,1,10
2020-03-13,697,3,100
2020-03-13,698,2,1000
2020-03-13,699,2,15
2020-03-13,700,3,50
2020-03-13,701,0,1000
2020-03-13,702,2,1000
2020-03-13,703,0,100
2020-03-13,704,3,1000
2020-03-13,705,1,10
2020-03-13,706,0,200
2020-03-13,707,3,100
2020-03-13,708,0,15
2020-03-13,709,1,50
2020-03-13,710,0,100
2020-03-13,711,3,200
2020-03-13,712,1,200
2020-03-13,713,3,50
2020-03-13,714,2,1000
2020-03-13,715,0,100
2020-03-13,716,1,10
2020-03-13,717,0,200
2020-03-13,718,0,1000
2020-03-13,719,0,50
2020-03-13,720,3,1000
2020-03-13,721,2,200
2020-03-13,722,3,100
2020-03-13,723,3,200
2020-03-13,724,3,100
2020-03-13,725,0,15
2020-03-13,726,3,1000
2020-03-13,727,3,100
2020-03-13,728,2,15
2020-03-13,729,0,15
2020-03-13,730,3,200
2020-03-13,731,1,10
2020-03-13,732,2,200
2020-03-13,733,3,10
2020-03-13,734,0,1000
2020-03-13,735,3,200
2020-03-13,736,0,1000
2020-03-13,737,2,100
2020-03-13,738,2,100
2020-03-13,739,3,15
2020-03-13,740,0,1000
2020-03-13,741,1,1000
2020-03-13,742,0,50
2020-03-13,743,0,100
2020-03-13,744,3,50
2020-03-13,745,0,10
2020-03-13,746,1,10
2020-03-13,747,0,1000
2020-03-13,748,1,100
2020-03-13,749,2,100
2020-03-13,750,3,200
2020-03-13,751,1,1000
2020-03-13,752,1,50
2020-03-13,753,2,15
2020-03-13,754,3,1000
2020-03-13,755,3,200
2020-03-13,756,0,10
2020-03-13,757,3,1000
2020-03-13,758,3,200
2020-03-13,759,3,100
2020-03-13,760,1,50
2020-03-13,761,3,100
2020-03-13,762,2,15
2020-03-13,763,2,50
2020-03-13,764,1,1000
2020-03-13,765,1,1000
2020-03-13,766,3,50
2020-03-13,767,2,100
2020-03-13,768,2,50
2020-03-13,769,2,1000
2020-03-13,770,3,10
2020-03-13,771,2,50
2020-03-13,772,3,100
2020-03-13,773,2,50
2020-03-13,774,2,10
2020-03-13,775,2,50
2020-03-13,776,2,15
2020-03-13,777,2,50
2020-03-13,778,1,10
2020-03-13,779,0,15
2020-03-13,780,3,50
2020-03-13,781,2,1000
2020-03-13,782,2,15
2020-03-13,783,1,100
2020-03-13,784,2,10
2020-03-13,785,0,50
2020-03-13,786,2,200
2020-03-13,787,2,1000
2020-03-13,788,2,100
2020-03-13,789,0,15
2020-03-13,790,1,200
2020-03-13,791,2,200
2020-03-13,792,0,10
2020-03-13,793,0,50
2020-03-13,794,0,15
2020-03-13,795,1,10
2020-03-13,796,1,10
2020-03-13,797,0,15
2020-03-13,798,2,10
2020-03-13,799,2,200
2020-03-13,800,1,50
2020-03-13,801,1,1000
2020-03-13,802,0,10
2020-03-13,803,1,100
2020-03-13,804,0,50
2020-03-13,805,2,10
2020-03-13,806,1,1000
2020-03-13,807,3,15
2020-03-13,808,1,10
2020-03-13,809,1,15
2020-03-13,810,2,100
2020-03-13,811,2,50
2020-03-13,812,0,1000
2020-03-13,813,3,100
2020-03-13,814,2,10
2020-03-13,815,1,1000
2020-03-13,816,0,10
2020-03-13,817,1,200
2020-03-13,818,3,15
2020-03-13,819,1,15
2020-03-13,820,3,100
2020-03-13,821,0,10
2020-03-13,822,3,10
2020-03-13,823,2,100
2020-03-13,824,3,10
2020-03-13,825,0,1000
2020-03-13,826,3,50
2020-03-13,827,2,15
2020-03-13,828,2,1000
2020-03-13,829,0,10
2020-03-13,830,2,200
2020-03-13,831,0,10
2020-03-13,832,0,200
2020-03-13,833,2,100
2020-03-13,834,0,10
2020-03-13,835,3,10
2020-03-13,836,3,100
2020-03-13,837,2,100
2020-03-13,838,1,1000
2020-03-13,839,3,15
2020-03-13,840,1,50
2020-03-13,841,1,1000
2020-03-13,842,0,10
2020-03-13,843,2,1000
2020-03-13,844,0,1000
2020-03-13,845,1,100
2020-03-13,846,0,1000
2020-03-13,847,2,50
2020-03-13,848,1,10
2020-03-13,849,1,200
2020-03-13,850,3,200
2020-03-13,851,3,50
2020-03-13,852,3,50
2020-03-13,853,2,10
2020-03-13,854,2,200
2020-03-13,855,3,15
2020-03-13,856,0,15
2020-03-13,857,1,15
2020-03-13,858,1,100
2020-03-13,859,1,200
2020-03-13,860,2,10
2020-03-13,861,2,50
2020-03-13,862,0,1000
2020-03-13,863,2,15
2020-03-13,864,0,100
2020-03-13,865,0,1000
2020-03-13,866,1,200
2020-03-13,867,0,50
2020-03-13,868,2,100
2020-03-13,869,1,10
2020-03-13,870,0,50
2020-03-13,871,1,10
2020-03-13,872,1,100
2020-03-13,873,3,1000
2020-03-13,874,2,100
2020-03-13,875,1,200
2020-03-13,876,0,50
2020-03-13,877,0,15
2020-03-13,878,0,15
2020-03-13,879,3,15
2020-03-13,880,3,100
2020-03-13,881,1,50
2020-03-13,882,0,100
2020-03-13,883,1,100
2020-03-13,884,3,200
2020-03-13,885,2,200
2020-03-13,886,1,100
2020-03-13,887,0,10
2020-03-13,888,3,1000
2020-03-13,889,1,1000
2020-03-13,890,0,100
2020-03-13,891,2,15
2020-03-13,892,2,100
2020-03-13,893,1,200
2020-03-13,894,2,10
2020-03-13,895,2,100
2020-03-13,896,2,50
2020-03-13,897,3,50
2020-03-13,898,2,15
2020-03-13,899,0,1000
2020-03-13,900,3,15
2020-03-13,901,1,1000
2020-03-13,902,0,15
2020-03-13,903,1,10
2020-03-13,904,1,10
2020-03-13,905,1,15
2020-03-13,906,0,200
2020-03-13,907,2,10
2020-03-13,908,1,200
2020-03-13,909,2,100
2020-03-13,910,0,1000
2020-03-13,911,1,10
2020-03-13,912,3,100
2020-03-13,913,2,15
2020-03-13,914,2,15
2020-03-13,915,1,50
2020-03-13,916,0,10
2020-03-13,917,3,1000
2020-03-13,918,0,10
2020-03-13,919,3,50
2020-03-13,920,1,1000
2020-03-13,921,0,10
2020-03-13,922,3,1000
2020-03-13,923,2,100
2020-03-13,924,1,100
2020-03-13,925,2,50
2020-03-13,926,3,10
2020-03-13,927,0,200
2020-03-13,928,3,10
2020-03-13,929,2,15
2020-03-13,930,3,10
2020-03-13,931,3,15
2020-03-13,932,1,100
2020-03-13,933,0,10
2020-03-13,934,3,200
2020-03-13,935,2,1000
2020-03-13,936,3,100
2020-03-13,937,2,1000
2020-03-13,938,2,200
2020-03-13,939,1,50
2020-03-13,940,1,200
2020-03-13,941,3,1000
2020-03-13,942,2,1000
2020-03-13,943,0,1000
2020-03-13,944,1,10
2020-03-13,945,1,200
2020-03-13,946,0,100
2020-03-13,947,0,50
2020-03-13,948,3,200
2020-03-13,949,0,15
2020-03-13,950,2,50
2020-03-13,951,3,50
2020-03-13,952,0,15
2020-03-13,953,0,100
2020-03-13,954,2,15
2020-03-13,955,2,15
2020-03-13,956,0,200
2020-03-13,957,1,1000
2020-03-13,958,0,1000
2020-03-13,959,1,50
2020-03-13,960,1,100
2020-03-13,961,0,10
2020-03-13,962,1,50
2020-03-13,963,0,200
2020-03-13,964,2,10
2020-03-13,965,1,100
2020-03-13,966,3,10
2020-03-13,967,1,50
2020-03-13,968,2,15
2020-03-13,969,0,200
2020-03-13,970,2,1000
2020-03-13,971,1,200
2020-03-13,972,1,1000
2020-03-13,973,3,200
2020-03-13,974,2,10
2020-03-13,975,1,100
2020-03-13,976,3,100
2020-03-13,977,2,50
2020-03-13,978,1,1000
2020-03-13,979,1,200
2020-03-13,980,2,200
2020-03-13,981,2,100
2020-03-13,982,1,1000
2020-03-13,983,0,15
2020-03-13,984,3,200
2020-03-13,985,3,50
2020-03-13,986,1,10
2020-03-13,987,2,200
2020-03-13,988,0,100
2020-03-13,989,2,50
2020-03-13,990,0,100
2020-03-13,991,3,50
2020-03-13,992,1,15
2020-03-13,993,0,10
2020-03-13,994,2,100
2020-03-13,995,3,1000
2020-03-13,996,2,50
2020-03-13,997,2,1000
2020-03-13,998,1,1000
2020-03-13,999,1,15
2020-03-13,1000,0,10
2020-03-13,1001,1,200
2020-03-13,1002,1,1000
2020-03-13,1003,2,1000
2020-03-13,1004,2,200
2020-03-13,1005,1,100
2020-03-13,1006,3,1000
2020-03-13,1007,2,1000
2020-03-13,1008,1,200
2020-03-13,1009,2,1000
2020-03-13,1010,3,200
2020-03-13,1011,2,1000
2020-03-13,1012,0,200
2020-03-13,1013,0,10
2020-03-13,1014,0,50
2020-03-13,1015,2,1000
2020-03-13,1016,1,15
2020-03-13,1017,1,10
2020-03-13,1018,3,100
2020-03-13,1019,1,15
2020-03-13,1020,1,50
2020-03-13,1021,2,200
2020-03-13,1022,2,1000
2020-03-13,1023,2,50
2020-03-13,1024,0,50
2020-03-13,1025,1,1000
2020-03-13,1026,2,15
2020-03-13,1027,3,100
2020-03-13,1028,0,1000
2020-03-13,1029,2,200
2020-03-13,1030,1,10
2020-03-13,1031,2,15
2020-03-13,1032,3,50
2020-03-13,1033,1,100
2020-03-13,1034,3,50
2020-03-13,1035,0,15
2020-03-13,1036,3,10
2020-03-13,1037,3,1000
2020-03-13,1038,1,15
2020-03-13,1039,3,100
2020-03-13,1040,3,100
2020-03-13,1041,2,15
2020-03-13,1042,2,10
2020-03-13,1043,0,1000
2020-03-13,1044,1,10
2020-03-13,1045,0,200
2020-03-13,1046,3,100
2020-03-13,1047,2,50
2020-03-13,1048,1,10
2020-03-13,1049,1,50
2020-03-13,1050,3,1000
2020-03-13,1051,3,200
2020-03-13,1052,1,1000
2020-03-13,1053,2,1000
2020-03-13,1054,2,10
2020-03-13,1055,1,50
2020-03-13,1056,0,200
2020-03-13,1057,0,50
2020-03-13,1058,3,50
2020-03-13,1059,3,50
2020-03-13,1060,2,50
2020-03-13,1061,1,100
2020-03-13,1062,3,1000
2020-03-13,1063,2,10
2020-03-13,1064,0,50
2020-03-13,1065,2,100
2020-03-13,1066,2,1000
2020-03-13,1067,2,50
2020-03-13,1068,0,200
2020-03-13,1069,3,10
2020-03-13,1070,1,100
2020-03-13,1071,3,200
2020-03-13,1072,1,200
2020-03-13,1073,1,50
2020-03-13,1074,3,15
2020-03-13,1075,3,100
2020-03-13,1076,1,200
2020-03-13,1077,0,15
2020-03-13,1078,1,100
2020-03-13,1079,1,1000
2020-03-13,1080,0,50
2020-03-13,1081,3,200
2020-03-13,1082,3,1000
2020-03-13,1083,1,200
2020-03-13,1084,0,200
2020-03-13,1085,2,200
2020-03-13,1086,1,1000
2020-03-13,1087,2,10
2020-03-13,1088,1,200
2020-03-13,1089,2,200
2020-03-13,1090,2,15
2020-03-13,1091,3,10
2020-03-13,1092,0,10
2020-03-13,1093,0,100
2020-03-13,1094,1,200
2020-03-13,1095,1,100
2020-03-13,1096,2,1000
2020-03-13,1097,3,15
2020-03-13,1098,0,1000
2020-03-13,1099,0,10
