2020-03-15,100,2,50
2020-03-15,101,1,100
2020-03-15,102,2,1000
2020-03-15,103,0,10
2020-03-15,104,3,100
2020-03-15,105,3,1000
2020-03-15,106,3,10
2020-03-15,107,2,10
2020-03-15,108,1,15
2020-03-15,109,1,15
2020-03-15,110,2,15
2020-03-15,111,2,10
2020-03-15,112,1,10
2020-03-15,113,2,1000
2020-03-15,114,2,10
2020-03-15,115,3,100
2020-03-15,116,1,15
2020-03-15,117,2,50
2020-03-15,118,1,15
2020-03-15,119,1,1000
2020-03-15,120,2,200
2020-03-15,121,3,10
2020-03-15,122,3,10
2020-03-15,123,1,1000
2020-03-15,124,1,50
2020-03-15,125,2,50
2020-03-15,126,3,10
2020-03-15,127,0,50
2020-03-15,128,0,100
2020-03-15,129,0,10
2020-03-15,130,3,1000
2020-03-15,131,2,15
2020-03-15,132,1,10
2020-03-15,133,1,50
2020-03-15,134,0,10
2020-03-15,135,3,10
2020-03-15,136,2,10
2020-03-15,137,3,50
2020-03-15,138,1,1000
2020-03-15,139,3,50
2020-03-15,140,0,100
2020-03-15,141,3,10
2020-03-15,142,0,10
2020-03-15,143,2,200
2020-03-15,144,1,50
2020-03-15,145,3,200
2020-03-15,146,0,15
2020-03-15,147,0,1000
2020-03-15,148,2,200
2020-03-15,149,1,50
2020-03-15,150,3,50
2020-03-15,151,1,10
2020-03-15,152,2,10
2020-03-15,153,1,10
2020-03-15,154,0,100
2020-03-15,155,3,100
2020-03-15,156,0,50
2020-03-15,157,3,200
2020-03-15,158,3,1000
2020-03-15,159,3,10
2020-03-15,160,1,15
2020-03-15,161,2,1000
2020-03-15,162,2,50
2020-03-15,163,1,15
2020-03-15,164,2,1000
2020-03-15,165,2,100
2020-03-15,166,3,10
2020-03-15,167,1,1000
2020-03-15,168,2,200
2020-03-15,169,3,15
2020-03-15,170,3,200
2020-03-15,171,3,1000
2020-03-15,172,0,1000
2020-03-15,173,1,1000
2020-03-15,174,1,10
2020-03-15,175,1,50
2020-03-15,176,1,100
2020-03-15,177,0,200
2020-03-15,178,1,15
2020-03-15,179,1,1000
2020-03-15,180,3,10
2020-03-15,181,2,200
2020-03-15,182,2,100
2020-03-15,183,1,100
2020-03-15,184,1,10
2020-03-15,185,0,1000
2020-03-15,186,2,15
2020-03-15,187,2,100
2020-03-15,188,1,15
2020-03-15,189,2,15
2020-03-15,190,2,200
2020-03-15,191,2,50
2020-03-15,192,2,10
2020-03-15,193,1,100
2020-03-15,194,3,100
2020-03-15,195,2,50
2020-03-15,196,1,10
2020-03-15,197,2,200
2020-03-15,198,2,1000
2020-03-15,199,2,100
2020-03-15,200,2,100
2020-03-15,201,2,10
2020-03-15,202,1,10
2020-03-15,203,2,15
2020-03-15,204,0,1000
2020-03-15,205,1,1000
2020-03-15,206,3,200
2020-03-15,207,1,200
2020-03-15,208,2,10
2020-03-15,209,1,15
2020-03-15,210,0,200
2020-03-15,211,1,100
2020-03-15,212,2,200
2020-03-15,213,1,10
2020-03-15,214,1,200
2020-03-15,215,2,200
2020-03-15,216,0,50
2020-03-15,217,3,100
2020-03-15,218,1,1000
2020-03-15,219,3,1000
2020-03-15,220,0,1000
2020-03-15,221,3,1000
2020-03-15,222,1,100
2020-03-15,223,3,10
2020-03-15,224,3,100
2020-03-15,225,3,200
2020-03-15,226,3,50
2020-03-15,227,3,200
2020-03-15,228,0,50
2020-03-15,229,0,50
2020-03-15,230,3,50
2020-03-15,231,0,100
2020-03-15,232,3,1000
2020-03-15,233,2,10
2020-03-15,234,1,50
2020-03-15,235,0,100
2020-03-15,236,3,100
2020-03-15,237,3,1000
2020-03-15,238,1,200
2020-03-15,239,1,100
2020-03-15,240,0,1000
2020-03-15,241,0,100
2020-03-15,242,3,15
2020-03-15,243,0,10
2020-03-15,244,3,100
2020-03-15,245,0,50
2020-03-15,246,3,10
2020-03-15,247,0,1000
2020-03-15,248,0,10
2020-03-15,249,2,15
2020-03-15,250,1,1000
2020-03-15,251,0,10
2020-03-15,252,0,10
2020-03-15,253,3,100
2020-03-15,254,3,15
2020-03-15,255,2,1000
2020-03-15,256,1,100
2020-03-15,257,0,200
2020-03-15,258,2,15
2020-03-15,259,2,1000
2020-03-15,260,1,1000
2020-03-15,261,1,1000
2020-03-15,262,1,50
2020-03-15,263,2,1000
2020-03-15,264,0,1000
2020-03-15,265,1,100
2020-03-15,266,3,1000
2020-03-15,267,2,1000
2020-03-15,268,2,10
2020-03-15,269,1,200
2020-03-15,270,0,10
2020-03-15,271,2,100
2020-03-15,272,0,10
2020-03-15,273,2,10
2020-03-15,274,0,15
2020-03-15,275,0,10
2020-03-15,276,2,100
2020-03-15,277,2,1000
2020-03-15,278,2,50
2020-03-15,279,3,50
2020-03-15,280,2,1000
2020-03-15,281,2,200
2020-03-15,282,2,200
2020-03-15,283,0,100
2020-03-15,284,2,10
2020-03-15,285,0,100
2020-03-15,286,2,10
2020-03-15,287,0,10
2020-03-15,288,1,200
2020-03-15,289,1,50
2020-03-15,290,2,1000
2020-03-15,291,3,100
2020-03-15,292,3,1000
2020-03-15,293,2,15
2020-03-15,294,0,200
2020-03-15,295,0,10
2020-03-15,296,0,1000
2020-03-15,297,3,15
2020-03-15,298,3,100
2020-03-15,299,0,50
2020-03-15,300,0,100
2020-03-15,301,1,50
2020-03-15,302,3,50
2020-03-15,303,3,1000
2020-03-15,304,0,10
2020-03-15,305,0,1000
2020-03-15,306,0,1000
2020-03-15,307,0,10
2020-03-15,308,0,10
2020-03-15,309,2,200
2020-03-15,310,0,10
2020-03-15,311,0,50
2020-03-15,312,0,10
2020-03-15,313,0,1000
2020-03-15,314,1,50
2020-03-15,315,3,200
2020-03-15,316,0,10
2020-03-15,317,0,200
2020-03-15,318,1,1000
2020-03-15,319,1,50
2020-03-15,320,1,1000
2020-03-15,321,0,50
2020-03-15,322,0,50
2020-03-15,323,3,100
2020-03-15,324,1,15
2020-03-15,325,2,15
2020-03-15,326,3,10
2020-03-15,327,3,1000
2020-03-15,328,1,15
2020-03-15,329,2,15
2020-03-15,330,1,1000
2020-03-15,331,0,100
2020-03-15,332,0,1000
2020-03-15,333,1,200
2020-03-15,334,2,15
2020-03-15,335,3,200
2020-03-15,336,1,50
2020-03-15,337,2,1000
2020-03-15,338,0,200
2020-03-15,339,0,1000
2020-03-15,340,1,100
2020-03-15,341,3,10
2020-03-15,342,1,200
2020-03-15,343,1,10
2020-03-15,344,0,100
2020-03-15,345,3,10
2020-03-15,346,1,100
2020-03-15,347,1,1000
2020-03-15,348,1,200
2020-03-15,349,3,1000
2020-03-15,350,2,50
2020-03-15,351,1,1000
2020-03-15,352,3,50
2020-03-15,353,1,200
2020-03-15,354,0,100
2020-03-15,355,1,50
2020-03-15,356,3,1000
2020-03-15,357,1,100
2020-03-15,358,3,1000
2020-03-15,359,2,15
2020-03-15,360,0,10
2020-03-15,361,1,1000
2020-03-15,362,3,15
2020-03-15,363,1,15
2020-03-15,364,2,50
2020-03-15,365,3,200
2020-03-15,366,0,200
2020-03-15,367,1,10
2020-03-15,368,3,10
2020-03-15,369,2,15
2020-03-15,370,0,200
2020-03-15,371,1,50
2020-03-15,372,3,50
2020-03-15,373,3,15
2020-03-15,374,3,100
2020-03-15,375,1,50
2020-03-15,376,1,15
2020-03-15,377,2,50
2020-03-15,378,1,50
2020-03-15,379,2,1000
2020-03-15,380,0,15
2020-03-15,381,0,100
2020-03-15,382,2,200
2020-03-15,383,1,10
2020-03-15,384,1,50
2020-03-15,385,3,1000
2020-03-15,386,1,200
2020-03-15,387,1,10
2020-03-15,388,0,1000
2020-03-15,389,2,10
2020-03-15,390,1,100
2020-03-15,391,1,10
2020-03-15,392,0,50
2020-03-15,393,2,100
2020-03-15,394,1,1000
2020-03-15,395,2,15
2020-03-15,396,3,10
2020-03-15,397,0,15
2020-03-15,398,1,200
2020-03-15,399,3,1000
2020-03-15,400,3,10
2020-03-15,401,1,50
2020-03-15,402,0,1000
2020-03-15,403,1,1000
2020-03-15,404,0,15
2020-03-15,405,0,50
2020-03-15,406,0,50
2020-03-15,407,0,100
2020-03-15,408,3,15
2020-03-15,409,3,200
2020-03-15,410,1,15
2020-03-15,411,0,200
2020-03-15,412,3,1000
2020-03-15,413,2,100
2020-03-15,414,1,1000
2020-03-15,415,0,10
2020-03-15,416,2,200
2020-03-15,417,0,15
2020-03-15,418,2,200
2020-03-15,419,3,1000
2020-03-15,420,3,100
2020-03-15,421,1,200
2020-03-15,422,2,1000
2020-03-15,423,1,10
2020-03-15,424,3,15
2020-03-15,425,2,50
2020-03-15,426,3,1000
2020-03-15,427,2,50
2020-03-15,428,1,50
2020-03-15,429,2,10
2020-03-15,430,3,15
2020-03-15,431,1,15
2020-03-15,432,0,15
2020-03-15,433,2,10
2020-03-15,434,0,1000
2020-03-15,435,1,100
2020-03-15,436,0,100
2020-03-15,437,3,200
2020-03-15,438,1,15
2020-03-15,439,0,200
2020-03-15,440,1,10
2020-03-15,441,3,15
2020-03-15,442,1,200
2020-03-15,443,3,1000
2020-03-15,444,2,15
2020-03-15,445,3,100
2020-03-15,446,0,50
2020-03-15,447,2,10
2020-03-15,448,2,15
2020-03-15,449,3,100
2020-03-15,450,1,10
2020-03-15,451,0,100
2020-03-15,452,0,200
2020-03-15,453,2,100
2020-03-15,454,1,10
2020-03-15,455,3,10
2020-03-15,456,3,1000
2020-03-15,457,2,50
2020-03-15,458,2,200
2020-03-15,459,1,1000
2020-03-15,460,0,100
2020-03-15,461,3,1000
2020-03-15,462,3,15
2020-03-15,463,1,100
2020-03-15,464,2,50
2020-03-15,465,0,1000
2020-03-15,466,1,50
2020-03-15,467,0,50
2020-03-15,468,3,15
2020-03-15,469,3,10
2020-03-15,470,0,50
2020-03-15,471,1,200
2020-03-15,472,3,1000
2020-03-15,473,3,200
2020-03-15,474,2,50
2020-03-15,475,2,50
2020-03-15,476,0,10
2020-03-15,477,3,15
2020-03-15,478,3,15
2020-03-15,479,3,200
2020-03-15,480,2,50
2020-03-15,481,0,1000
2020-03-15,482,3,1000
2020-03-15,483,1,10
2020-03-15,484,1,200
2020-03-15,485,3,200
2020-03-15,486,1,1000
2020-03-15,487,3,100
2020-03-15,488,0,100
2020-03-15,489,2,10
2020-03-15,490,2,100
2020-03-15,491,2,10
2020-03-15,492,0,50
2020-03-15,493,2,200
2020-03-15,494,2,100
2020-03-15,495,1,1000
2020-03-15,496,3,10
2020-03-15,497,3,100
2020-03-15,498,2,10
2020-03-15,499,1,10
2020-03-15,500,3,200
2020-03-15,501,0,100
2020-03-15,502,0,200
2020-03-15,503,0,50
2020-03-15,504,2,100
2020-03-15,505,3,200
2020-03-15,506,0,50
2020-03-15,507,2,200
2020-03-15,508,3,10
2020-03-15,509,3,10
2020-03-15,510,2,100
2020-03-15,511,0,100
2020-03-15,512,0,10
2020-03-15,513,1,10
2020-03-15,514,0,200
2020-03-15,515,3,1000
2020-03-15,516,2,1000
2020-03-15,517,0,100
2020-03-15,518,3,1000
2020-03-15,519,2,10
2020-03-15,520,1,15
2020-03-15,521,3,15
2020-03-15,522,2,15
2020-03-15,523,2,100
2020-03-15,524,3,100
2020-03-15,525,1,15
2020-03-15,526,0,15
2020-03-15,527,3,15
2020-03-15,528,2,1000
2020-03-15,529,3,10
2020-03-15,530,3,50
2020-03-15,531,0,100
2020-03-15,532,3,50
2020-03-15,533,0,100
2020-03-15,534,3,50
2020-03-15,535,2,10
2020-03-15,536,1,100
2020-03-15,537,3,50
2020-03-15,538,2,100
2020-03-15,539,1,15
2020-03-15,540,2,15
2020-03-15,541,1,100
2020-03-15,542,0,100
2020-03-15,543,0,50
2020-03-15,544,3,50
2020-03-15,545,0,200
2020-03-15,546,2,100
2020-03-15,547,0,15
2020-03-15,548,1,50
2020-03-15,549,0,100
2020-03-15,550,3,1000
2020-03-15,551,0,200
2020-03-15,552,3,100
2020-03-15,553,0,200
2020-03-15,554,2,1000
2020-03-15,555,0,1000
2020-03-15,556,3,200
2020-03-15,557,0,15
2020-03-15,558,3,1000
2020-03-15,559,2,1000
2020-03-15,560,0,200
2020-03-15,561,0,10
2020-03-15,562,0,100
2020-03-15,563,2,200
2020-03-15,564,1,50
2020-03-15,565,2,15
2020-03-15,566,2,10
2020-03-15,567,0,100
2020-03-15,568,3,1000
2020-03-15,569,0,1000
2020-03-15,570,1,200
2020-03-15,571,2,100
2020-03-15,572,1,10
2020-03-15,573,1,15
2020-03-15,574,1,50
2020-03-15,575,2,1000
2020-03-15,576,3,200
2020-03-15,577,1,10
2020-03-15,578,3,50
2020-03-15,579,1,100
2020-03-15,580,1,100
2020-03-15,581,0,200
2020-03-15,582,1,200
2020-03-15,583,3,50
2020-03-15,584,2,100
2020-03-15,585,3,200
2020-03-15,586,3,100
2020-03-15,587,1,100
2020-03-15,588,0,50
2020-03-15,589,0,10
2020-03-15,590,0,100
2020-03-15,591,1,200
2020-03-15,592,2,10
2020-03-15,593,1,15
2020-03-15,594,0,200
2020-03-15,595,2,200
2020-03-15,596,1,100
2020-03-15,597,3,1000
2020-03-15,598,2,50
2020-03-15,599,2,200
2020-03-15,600,1,200
2020-03-15,601,1,200
2020-03-15,602,0,10
2020-03-15,603,3,15
2020-03-15,604,2,15
2020-03-15,605,3,15
2020-03-15,606,2,200
2020-03-15,607,1,200
2020-03-15,608,3,10
2020-03-15,609,0,1000
2020-03-15,610,2,15
2020-03-15,611,2,200
2020-03-15,612,0,10
2020-03-15,613,2,15
2020-03-15,614,0,100
2020-03-15,615,3,100
2020-03-15,616,0,100
2020-03-15,617,3,15
2020-03-15,618,0,15
2020-03-15,619,0,200
2020-03-15,620,1,1000
2020-03-15,621,1,10
2020-03-15,622,2,50
2020-03-15,623,2,1000
2020-03-15,624,1,100
2020-03-15,625,3,10
2020-03-15,626,1,10
2020-03-15,627,2,100
2020-03-15,628,3,200
2020-03-15,629,1,15
2020-03-15,630,1,200
2020-03-15,631,1,1000
2020-03-15,632,1,50
2020-03-15,633,3,1000
2020-03-15,634,2,10
2020-03-15,635,1,1000
2020-03-15,636,1,15
2020-03-15,637,3,200
2020-03-15,638,3,50
2020-03-15,639,3,100
2020-03-15,640,2,100
2020-03-15,641,0,100
2020-03-15,642,3,15
2020-03-15,643,0,50
2020-03-15,644,2,10
2020-03-15,645,1,1000
2020-03-15,646,0,10
2020-03-15,647,0,50
2020-03-15,648,0,15
2020-03-15,649,3,10
2020-03-15,650,2,1000
2020-03-15,651,1,200
2020-03-15,652,1,10
2020-03-15,653,3,200
2020-03-15,654,0,15
2020-03-15,655,2,100
2020-03-15,656,3,1000
2020-03-15,657,1,200
2020-03-15,658,0,200
2020-03-15,659,1,100
2020-03-15,660,1,200
2020-03-15,661,0,50
2020-03-15,662,2,15
2020-03-15,663,0,15
2020-03-15,664,1,100
2020-03-15,665,0,1000
2020-03-15,666,3,1000
2020-03-15,667,3,200
2020-03-15,668,0,15
2020-03-15,669,0,50
2020-03-15,670,3,1000
2020-03-15,671,0,10
2020-03-15,672,1,10
2020-03-15,673,1,1000
2020-03-15,674,1,200
2020-03-15,675,3,50
2020-03-15,676,0,50
2020-03-15,677,3,1000
2020-03-15,678,1,100
2020-03-15,679,2,100
2020-03-15,680,2,1000
2020-03-15,681,1,200
2020-03-15,682,0,200
2020-03-15,683,2,15
2020-03-15,684,1,50
2020-03-15,685,0,200
2020-03-15,686,1,100
2020-03-15,687,0,1000
2020-03-15,688,1,10
2020-03-15,689,0,10
2020-03-15,690,2,50
2020-03-15,691,1,15
2020-03-15,692,3,1000
2020-03-15,693,3,100
2020-03-15,694,1,100
2020-03-15,695,0,100
2020-03-15,696,1,1000
2020-03-15,697,2,200
2020-03-15,698,1,10
2020-03-15,699,3,10
2020-03-15,700,0,1000
2020-03-15,701,1,100
2020-03-15,702,3,50
2020-03-15,703,3,50
2020-03-15,704,2,10
2020-03-15,705,3,50
2020-03-15,706,2,100
2020-03-15,707,0,1000
2020-03-15,708,1,200
2020-03-15,709,2,1000
2020-03-15,710,3,100
2020-03-15,711,3,200
2020-03-15,712,3,50
2020-03-15,713,2,50
2020-03-15,714,2,10
2020-03-15,715,2,100
2020-03-15,716,0,15
2020-03-15,717,3,100
2020-03-15,718,3,50
2020-03-15,719,1,50
2020-03-15,720,1,1000
2020-03-15,721,1,100
2020-03-15,722,0,100
2020-03-15,723,2,1000
2020-03-15,724,1,10
2020-03-15,725,1,100
2020-03-15,726,0,100
2020-03-15,727,0,15
2020-03-15,728,0,10
2020-03-15,729,3,100
2020-03-15,730,1,100
2020-03-15,731,0,50
2020-03-15,732,3,1000
2020-03-15,733,3,1000
2020-03-15,734,3,50
2020-03-15,735,0,15
2020-03-15,736,2,10
2020-03-15,737,1,50
2020-03-15,738,0,1000
2020-03-15,739,0,100
2020-03-15,740,2,100
2020-03-15,741,3,15
2020-03-15,742,1,10
2020-03-15,743,0,50
2020-03-15,744,2,10
2020-03-15,745,1,100
2020-03-15,746,3,100
2020-03-15,747,3,10
2020-03-15,748,1,100
2020-03-15,749,3,200
2020-03-15,750,2,15
2020-03-15,751,3,50
2020-03-15,752,0,50
2020-03-15,753,2,200
2020-03-15,754,0,100
2020-03-15,755,2,15
2020-03-15,756,0,10
2020-03-15,757,2,10
2020-03-15,758,2,1000
2020-03-15,759,0,10
2020-03-15,760,3,1000
2020-03-15,761,1,50
2020-03-15,762,1,50
2020-03-15,763,0,1000
2020-03-15,764,1,10
2020-03-15,765,0,1000
2020-03-15,766,3,10
2020-03-15,767,3,100
2020-03-15,768,3,200
2020-03-15,769,3,10
2020-03-15,770,0,1000
2020-03-15,771,1,50
2020-03-15,772,0,1000
2020-03-15,773,0,50
2020-03-15,774,3,10
2020-03-15,775,0,10
2020-03-15,776,0,15
2020-03-15,777,0,100
2020-03-15,778,3,1000
2020-03-15,779,3,10
2020-03-15,780,2,50
2020-03-15,781,0,1000
2020-03-15,782,1,50
2020-03-15,783,3,1000
2020-03-15,784,1,15
2020-03-15,785,0,15
2020-03-15,786,1,10
2020-03-15,787,3,15
2020-03-15,788,1,100
2020-03-15,789,0,15
2020-03-15,790,0,15
2020-03-15,791,1,100
2020-03-15,792,1,200
2020-03-15,793,0,10
2020-03-15,794,0,100
2020-03-15,795,2,15
2020-03-15,796,1,200
2020-03-15,797,0,200
2020-03-15,798,1,200
2020-03-15,799,1,15
2020-03-15,800,2,15
2020-03-15,801,1,50
2020-03-15,802,3,100
2020-03-15,803,0,10
2020-03-15,804,1,10
2020-03-15,805,2,200
2020-03-15,806,0,15
2020-03-15,807,2,15
2020-03-15,808,1,50
2020-03-15,809,1,15
2020-03-15,810,2,1000
2020-03-15,811,1,100
2020-03-15,812,1,200
2020-03-15,813,1,15
2020-03-15,814,1,100
2020-03-15,815,3,50
2020-03-15,816,0,10
2020-03-15,817,2,200
2020-03-15,818,2,10
2020-03-15,819,3,200
2020-03-15,820,2,200
2020-03-15,821,3,100
2020-03-15,822,3,15
2020-03-15,823,3,50
2020-03-15,824,3,15
2020-03-15,825,1,100
2020-03-15,826,2,15
2020-03-15,827,1,200
2020-03-15,828,3,15
2020-03-15,829,1,50
2020-03-15,830,0,1000
2020-03-15,831,3,100
2020-03-15,832,2,200
2020-03-15,833,0,200
2020-03-15,834,0,50
2020-03-15,835,3,100
2020-03-15,836,0,1000
2020-03-15,837,3,50
2020-03-15,838,3,15
2020-03-15,839,3,1000
2020-03-15,840,1,15
2020-03-15,841,3,50
2020-03-15,842,1,1000
2020-03-15,843,0,200
2020-03-15,844,2,15
2020-03-15,845,1,15
2020-03-15,846,3,10
2020-03-15,847,1,100
2020-03-15,848,2,1000
2020-03-15,849,1,1000
2020-03-15,850,1,10
2020-03-15,851,0,10
2020-03-15,852,3,100
2020-03-15,853,0,50
2020-03-15,854,1,200
2020-03-15,855,2,100
2020-03-15,856,2,50
2020-03-15,857,1,200
2020-03-15,858,1,1000
2020-03-15,859,1,100
2020-03-15,860,1,50
2020-03-15,861,3,200
2020-03-15,862,3,15
2020-03-15,863,3,50
2020-03-15,864,0,15
2020-03-15,865,3,15
2020-03-15,866,3,50
2020-03-15,867,2,10
2020-03-15,868,1,15
2020-03-15,869,0,50
2020-03-15,870,2,50
2020-03-15,871,3,100
2020-03-15,872,0,15
2020-03-15,873,2,50
2020-03-15,874,1,15
2020-03-15,875,3,1000
2020-03-15,876,0,200
2020-03-15,877,0,15
2020-03-15,878,2,200
2020-03-15,879,2,100
2020-03-15,880,1,10
2020-03-15,881,3,1000
2020-03-15,882,1,50
2020-03-15,883,1,100
2020-03-15,884,1,200
2020-03-15,885,1,10
2020-03-15,886,1,100
2020-03-15,887,2,50
2020-03-15,888,0,50
2020-03-15,889,3,10
2020-03-15,890,0,50
2020-03-15,891,2,1000
2020-03-15,892,2,100
2020-03-15,893,0,10
2020-03-15,894,2,1000
2020-03-15,895,2,200
2020-03-15,896,2,15
2020-03-15,897,2,200
2020-03-15,898,0,50
2020-03-15,899,3,10
2020-03-15,900,3,200
2020-03-15,901,1,1000
2020-03-15,902,3,100
2020-03-15,903,3,50
2020-03-15,904,3,50
2020-03-15,905,1,15
2020-03-15,906,1,50
2020-03-15,907,0,100
2020-03-15,908,3,50
2020-03-15,909,2,50
2020-03-15,910,1,10
2020-03-15,911,1,10
2020-03-15,912,2,100
2020-03-15,913,3,1000
2020-03-15,914,3,200
2020-03-15,915,2,10
2020-03-15,916,0,10
2020-03-15,917,0,100
2020-03-15,918,2,15
2020-03-15,919,0,50
2020-03-15,920,3,1000
2020-03-15,921,2,1000
2020-03-15,922,1,100
2020-03-15,923,2,1000
2020-03-15,924,2,200
2020-03-15,925,0,50
2020-03-15,926,3,1000
2020-03-15,927,1,50
2020-03-15,928,3,200
2020-03-15,929,0,1000
2020-03-15,930,3,200
2020-03-15,931,2,100
2020-03-15,932,2,15
2020-03-15,933,1,50
2020-03-15,934,2,1000
2020-03-15,935,1,200
2020-03-15,936,3,10
2020-03-15,937,3,200
2020-03-15,938,0,100
2020-03-15,939,0,50
2020-03-15,940,3,1000
2020-03-15,941,3,15
2020-03-15,942,0,15
2020-03-15,943,1,15
2020-03-15,944,3,200
2020-03-15,945,1,50
2020-03-15,946,1,200
2020-03-15,947,3,200
2020-03-15,948,3,1000
2020-03-15,949,3,100
2020-03-15,950,3,100
2020-03-15,951,3,100
2020-03-15,952,0,10
2020-03-15,953,0,15
2020-03-15,954,1,1000
2020-03-15,955,2,1000
2020-03-15,956,3,50
2020-03-15,957,0,15
2020-03-15,958,0,200
2020-03-15,959,3,15
2020-03-15,960,3,100
2020-03-15,961,3,15
2020-03-15,962,2,100
2020-03-15,963,1,50
2020-03-15,964,1,1000
2020-03-15,965,3,1000
2020-03-15,966,2,50
2020-03-15,967,2,50
2020-03-15,968,0,10
2020-03-15,969,0,50
2020-03-15,970,1,15
2020-03-15,971,0,15
2020-03-15,972,3,50
2020-03-15,973,0,10
2020-03-15,974,3,100
2020-03-15,975,0,1000
2020-03-15,976,0,10
2020-03-15,977,2,15
2020-03-15,978,0,50
2020-03-15,979,3,200
2020-03-15,980,3,1000
2020-03-15,981,3,200
2020-03-15,982,0,200
2020-03-15,983,1,200
2020-03-15,984,1,10
2020-03-15,985,3,50
2020-03-15,986,1,200
2020-03-15,987,2,50
2020-03-15,988,1,50
2020-03-15,989,2,1000
2020-03-15,990,0,50
2020-03-15,991,0,100
2020-03-15,992,0,10
2020-03-15,993,1,1000
2020-03-15,994,1,1000
2020-03-15,995,2,10
2020-03-15,996,0,1000
2020-03-15,997,0,1000
2020-03-15,998,2,10
2020-03-15,999,2,50
2020-03-15,1000,1,200
2020-03-15,1001,0,200
2020-03-15,1002,1,10
2020-03-15,1003,0,15
2020-03-15,1004,3,1000
2020-03-15,1005,0,100
2020-03-15,1006,1,200
2020-03-15,1007,1,15
2020-03-15,1008,1,10
2020-03-15,1009,2,50
2020-03-15,1010,3,15
2020-03-15,1011,1,1000
2020-03-15,1012,1,50
2020-03-15,1013,1,15
2020-03-15,1014,3,10
2020-03-15,1015,2,100
2020-03-15,1016,3,50
2020-03-15,1017,1,50
2020-03-15,1018,2,10
2020-03-15,1019,2,100
2020-03-15,1020,0,10
2020-03-15,1021,2,15
2020-03-15,1022,1,10
2020-03-15,1023,1,100
2020-03-15,1024,0,200
2020-03-15,1025,0,10
2020-03-15,1026,2,200
2020-03-15,1027,0,100
2020-03-15,1028,0,200
2020-03-15,1029,3,200
2020-03-15,1030,1,15
2020-03-15,1031,3,1000
2020-03-15,1032,1,10
2020-03-15,1033,3,1000
2020-03-15,1034,0,100
2020-03-15,1035,3,100
2020-03-15,1036,2,1000
2020-03-15,1037,0,1000
2020-03-15,1038,0,100
2020-03-15,1039,1,50
2020-03-15,1040,2,50
2020-03-15,1041,1,15
2020-03-15,1042,3,100
2020-03-15,1043,2,100
2020-03-15,1044,0,200
2020-03-15,1045,1,15
2020-03-15,1046,2,1000
2020-03-15,1047,0,1000
2020-03-15,1048,3,200
2020-03-15,1049,0,15
2020-03-15,1050,3,200
2020-03-15,1051,2,15
2020-03-15,1052,0,15
2020-03-15,1053,3,100
2020-03-15,1054,0,1000
2020-03-15,1055,2,100
2020-03-15,1056,1,15
2020-03-15,1057,2,10
2020-03-15,1058,1,10
2020-03-15,1059,3,15
2020-03-15,1060,3,200
2020-03-15,1061,3,10
2020-03-15,1062,2,1000
2020-03-15,1063,3,15
2020-03-15,1064,0,10
2020-03-15,1065,1,15
2020-03-15,1066,1,200
2020-03-15,1067,1,200
2020-03-15,1068,2,200
2020-03-15,1069,1,1000
2020-03-15,1070,3,15
2020-03-15,1071,3,200
2020-03-15,1072,1,10
2020-03-15,1073,3,100
2020-03-15,1074,0,1000
2020-03-15,1075,3,50
2020-03-15,1076,3,10
2020-03-15,1077,0,200
2020-03-15,1078,2,15
2020-03-15,1079,0,1000
2020-03-15,1080,1,100
2020-03-15,1081,3,1000
2020-03-15,1082,2,10
2020-03-15,1083,0,15
2020-03-15,1084,2,15
2020-03-15,1085,1,1000
2020-03-15,1086,0,15
2020-03-15,1087,1,15
2020-03-15,1088,0,50
2020-03-15,1089,0,10
2020-03-15,1090,0,200
2020-03-15,1091,1,100
2020-03-15,1092,3,15
2020-03-15,1093,2,100
2020-03-15,1094,0,50
2020-03-15,1095,1,100
2020-03-15,1096,3,1000
2020-03-15,1097,1,1000
2020-03-15,1098,3,10
2020-03-15,1099,3,1000
