2020-03-19,100,0,80
2020-03-19,101,0,50
2020-03-19,102,3,50
2020-03-19,103,0,20
2020-03-19,104,0,20
2020-03-19,105,1,15
2020-03-19,106,0,15
2020-03-19,107,2,90
2020-03-19,108,2,10
2020-03-19,109,0,80
2020-03-19,110,1,90
2020-03-19,111,2,15
2020-03-19,112,0,90
2020-03-19,113,0,10
2020-03-19,114,0,10
2020-03-19,115,3,15
2020-03-19,116,2,20
2020-03-19,117,2,10
2020-03-19,118,1,20
2020-03-19,119,1,50
2020-03-19,120,2,50
2020-03-19,121,0,15
2020-03-19,122,2,15
2020-03-19,123,2,20
2020-03-19,124,1,90
2020-03-19,125,1,20
2020-03-19,126,1,50
2020-03-19,127,2,50
2020-03-19,128,0,50
2020-03-19,129,1,80
2020-03-19,130,3,10
2020-03-19,131,2,90
2020-03-19,132,1,10
2020-03-19,133,1,90
2020-03-19,134,2,80
2020-03-19,135,0,80
2020-03-19,136,1,10
2020-03-19,137,2,20
2020-03-19,138,2,90
2020-03-19,139,1,10
2020-03-19,140,2,20
2020-03-19,141,0,50
2020-03-19,142,2,80
2020-03-19,143,3,50
2020-03-19,144,0,80
2020-03-19,145,3,15
2020-03-19,146,0,15
2020-03-19,147,3,90
2020-03-19,148,2,10
2020-03-19,149,1,20
2020-03-19,150,2,80
2020-03-19,151,0,80
2020-03-19,152,3,20
2020-03-19,153,1,10
2020-03-19,154,3,50
2020-03-19,155,0,10
2020-03-19,156,0,80
2020-03-19,157,3,20
2020-03-19,158,3,50
2020-03-19,159,0,10
2020-03-19,160,2,50
2020-03-19,161,3,80
2020-03-19,162,3,15
2020-03-19,163,1,80
2020-03-19,164,3,80
2020-03-19,165,3,90
2020-03-19,166,0,15
2020-03-19,167,3,50
2020-03-19,168,0,20
2020-03-19,169,2,15
2020-03-19,170,1,50
2020-03-19,171,0,20
2020-03-19,172,0,15
2020-03-19,173,0,50
2020-03-19,174,3,90
2020-03-19,175,2,50
2020-03-19,176,1,15
2020-03-19,177,2,20
2020-03-19,178,3,80
2020-03-19,179,1,20
2020-03-19,180,3,10
2020-03-19,181,0,90
2020-03-19,182,2,20
2020-03-19,183,2,10
2020-03-19,184,1,10
2020-03-19,185,2,15
2020-03-19,186,3,10
2020-03-19,187,0,10
2020-03-19,188,2,10
2020-03-19,189,1,80
2020-03-19,190,3,50
2020-03-19,191,0,90
2020-03-19,192,2,20
2020-03-19,193,3,10
2020-03-19,194,2,90
2020-03-19,195,0,80
2020-03-19,196,3,90
2020-03-19,197,3,15
2020-03-19,198,3,10
2020-03-19,199,1,80
2020-03-19,200,3,80
2020-03-19,201,2,50
2020-03-19,202,3,15
2020-03-19,203,1,15
2020-03-19,204,3,50
2020-03-19,205,3,90
2020-03-19,206,1,15
2020-03-19,207,1,20
2020-03-19,208,3,80
2020-03-19,209,2,80
2020-03-19,210,2,20
2020-03-19,211,0,20
2020-03-19,212,2,50
2020-03-19,213,0,80
2020-03-19,214,0,15
2020-03-19,215,2,80
2020-03-19,216,1,20
2020-03-19,217,2,15
2020-03-19,218,0,80
2020-03-19,219,2,20
2020-03-19,220,2,90
2020-03-19,221,2,50
2020-03-19,222,0,15
2020-03-19,223,2,20
2020-03-19,224,0,15
2020-03-19,225,3,90
2020-03-19,226,0,20
2020-03-19,227,1,20
2020-03-19,228,3,10
2020-03-19,229,1,15
2020-03-19,230,2,50
2020-03-19,231,3,80
2020-03-19,232,1,90
2020-03-19,233,0,20
2020-03-19,234,3,90
2020-03-19,235,0,10
2020-03-19,236,0,15
2020-03-19,237,1,15
2020-03-19,238,0,80
2020-03-19,239,0,20
2020-03-19,240,1,15
2020-03-19,241,3,90
2020-03-19,242,3,90
2020-03-19,243,1,80
2020-03-19,244,2,80
2020-03-19,245,2,90
2020-03-19,246,1,80
2020-03-19,247,0,90
2020-03-19,248,2,20
2020-03-19,249,0,50
2020-03-19,250,2,10
2020-03-19,251,3,80
2020-03-19,252,1,20
2020-03-19,253,3,10
2020-03-19,254,1,90
2020-03-19,255,2,50
2020-03-19,256,3,80
2020-03-19,257,0,15
2020-03-19,258,0,20
2020-03-19,259,0,80
2020-03-19,260,3,10
2020-03-19,261,3,15
2020-03-19,262,1,10
2020-03-19,263,2,80
2020-03-19,264,3,20
2020-03-19,265,0,10
2020-03-19,266,1,15
2020-03-19,267,2,50
2020-03-19,268,3,10
2020-03-19,269,3,90
2020-03-19,270,2,50
2020-03-19,271,3,80
2020-03-19,272,3,50
2020-03-19,273,2,90
2020-03-19,274,1,90
2020-03-19,275,2,20
2020-03-19,276,3,15
2020-03-19,277,0,20
2020-03-19,278,1,20
2020-03-19,279,2,90
2020-03-19,280,1,10
2020-03-19,281,1,80
2020-03-19,282,2,80
2020-03-19,283,1,80
2020-03-19,284,2,50
2020-03-19,285,2,10
2020-03-19,286,0,50
2020-03-19,287,1,15
2020-03-19,288,2,80
2020-03-19,289,2,50
2020-03-19,290,2,80
2020-03-19,291,3,80
2020-03-19,292,0,10
2020-03-19,293,1,80
2020-03-19,294,1,90
2020-03-19,295,0,15
2020-03-19,296,3,15
2020-03-19,297,1,15
2020-03-19,298,0,20
2020-03-19,299,3,50
2020-03-19,300,2,50
2020-03-19,301,2,90
2020-03-19,302,0,20
2020-03-19,303,0,80
2020-03-19,304,2,20
2020-03-19,305,2,20
2020-03-19,306,3,15
2020-03-19,307,0,50
2020-03-19,308,2,50
2020-03-19,309,0,80
2020-03-19,310,0,50
2020-03-19,311,2,10
2020-03-19,312,2,50
2020-03-19,313,0,50
2020-03-19,314,1,15
2020-03-19,315,3,20
2020-03-19,316,0,15
2020-03-19,317,3,90
2020-03-19,318,0,10
2020-03-19,319,3,90
2020-03-19,320,3,10
2020-03-19,321,1,90
2020-03-19,322,1,10
2020-03-19,323,2,10
2020-03-19,324,0,10
2020-03-19,325,0,10
2020-03-19,326,1,15
2020-03-19,327,1,15
2020-03-19,328,0,15
2020-03-19,329,3,15
2020-03-19,330,1,15
2020-03-19,331,3,90
2020-03-19,332,1,15
2020-03-19,333,2,90
2020-03-19,334,3,20
2020-03-19,335,3,20
2020-03-19,336,3,90
2020-03-19,337,2,80
2020-03-19,338,1,50
2020-03-19,339,1,90
2020-03-19,340,1,80
2020-03-19,341,0,20
2020-03-19,342,1,50
2020-03-19,343,3,15
2020-03-19,344,0,50
2020-03-19,345,0,15
2020-03-19,346,3,10
2020-03-19,347,0,10
2020-03-19,348,2,80
2020-03-19,349,2,15
2020-03-19,350,2,80
2020-03-19,351,0,20
2020-03-19,352,3,80
2020-03-19,353,3,80
2020-03-19,354,3,80
2020-03-19,355,2,15
2020-03-19,356,3,80
2020-03-19,357,0,15
2020-03-19,358,3,90
2020-03-19,359,3,20
2020-03-19,360,0,15
2020-03-19,361,3,80
2020-03-19,362,2,10
2020-03-19,363,2,20
2020-03-19,364,3,10
2020-03-19,365,3,20
2020-03-19,366,2,80
2020-03-19,367,3,10
2020-03-19,368,1,20
2020-03-19,369,0,50
2020-03-19,370,1,50
2020-03-19,371,3,10
2020-03-19,372,2,80
2020-03-19,373,3,15
2020-03-19,374,2,50
2020-03-19,375,1,90
2020-03-19,376,3,50
2020-03-19,377,2,15
2020-03-19,378,2,90
2020-03-19,379,0,90
2020-03-19,380,1,50
2020-03-19,381,3,10
2020-03-19,382,3,10
2020-03-19,383,1,10
2020-03-19,384,3,80
2020-03-19,385,3,20
2020-03-19,386,2,15
2020-03-19,387,0,80
2020-03-19,388,2,80
2020-03-19,389,1,20
2020-03-19,390,2,10
2020-03-19,391,0,80
2020-03-19,392,2,15
2020-03-19,393,0,20
2020-03-19,394,3,90
2020-03-19,395,2,20
2020-03-19,396,2,50
2020-03-19,397,2,80
2020-03-19,398,0,50
2020-03-19,399,3,10
2020-03-19,400,2,15
2020-03-19,401,3,15
2020-03-19,402,3,50
2020-03-19,403,2,20
2020-03-19,404,0,10
2020-03-19,405,0,20
2020-03-19,406,0,90
2020-03-19,407,1,80
2020-03-19,408,0,80
2020-03-19,409,3,80
2020-03-19,410,3,90
2020-03-19,411,1,80
2020-03-19,412,1,50
2020-03-19,413,2,50
2020-03-19,414,2,15
2020-03-19,415,1,50
2020-03-19,416,0,20
2020-03-19,417,1,80
2020-03-19,418,2,10
2020-03-19,419,0,15
2020-03-19,420,0,50
2020-03-19,421,1,90
2020-03-19,422,1,50
2020-03-19,423,2,80
2020-03-19,424,3,50
2020-03-19,425,0,20
2020-03-19,426,1,10
2020-03-19,427,0,80
2020-03-19,428,1,90
2020-03-19,429,3,80
2020-03-19,430,2,80
2020-03-19,431,2,15
2020-03-19,432,1,15
2020-03-19,433,1,10
2020-03-19,434,2,15
2020-03-19,435,0,50
2020-03-19,436,3,50
2020-03-19,437,1,15
2020-03-19,438,2,20
2020-03-19,439,1,50
2020-03-19,440,1,20
2020-03-19,441,2,15
2020-03-19,442,3,15
2020-03-19,443,2,80
2020-03-19,444,3,10
2020-03-19,445,0,15
2020-03-19,446,0,15
2020-03-19,447,1,50
2020-03-19,448,0,80
2020-03-19,449,1,50
2020-03-19,450,2,80
2020-03-19,451,0,80
2020-03-19,452,0,15
2020-03-19,453,1,90
2020-03-19,454,1,80
2020-03-19,455,3,10
2020-03-19,456,3,15
2020-03-19,457,2,10
2020-03-19,458,1,50
2020-03-19,459,2,90
2020-03-19,460,2,15
2020-03-19,461,3,15
2020-03-19,462,3,80
2020-03-19,463,1,10
2020-03-19,464,2,80
2020-03-19,465,1,80
2020-03-19,466,3,10
2020-03-19,467,3,50
2020-03-19,468,3,80
2020-03-19,469,3,10
2020-03-19,470,1,15
2020-03-19,471,3,15
2020-03-19,472,3,90
2020-03-19,473,0,50
2020-03-19,474,1,90
2020-03-19,475,1,15
2020-03-19,476,0,80
2020-03-19,477,0,80
2020-03-19,478,3,10
2020-03-19,479,3,80
2020-03-19,480,0,15
2020-03-19,481,1,50
2020-03-19,482,3,90
2020-03-19,483,0,90
2020-03-19,484,2,20
2020-03-19,485,2,20
2020-03-19,486,1,15
2020-03-19,487,1,90
2020-03-19,488,3,15
2020-03-19,489,0,10
2020-03-19,490,1,15
2020-03-19,491,3,80
2020-03-19,492,3,10
2020-03-19,493,0,90
2020-03-19,494,3,50
2020-03-19,495,1,15
2020-03-19,496,3,50
2020-03-19,497,0,10
2020-03-19,498,3,90
2020-03-19,499,2,90
2020-03-19,500,0,50
2020-03-19,501,3,20
2020-03-19,502,1,90
2020-03-19,503,3,20
2020-03-19,504,0,90
2020-03-19,505,1,20
2020-03-19,506,0,50
2020-03-19,507,1,90
2020-03-19,508,2,90
2020-03-19,509,3,10
2020-03-19,510,3,10
2020-03-19,511,2,10
2020-03-19,512,2,50
2020-03-19,513,0,10
2020-03-19,514,0,10
2020-03-19,515,0,50
2020-03-19,516,2,50
2020-03-19,517,3,90
2020-03-19,518,3,20
2020-03-19,519,3,20
2020-03-19,520,3,20
2020-03-19,521,2,15
2020-03-19,522,0,50
2020-03-19,523,3,80
2020-03-19,524,0,20
2020-03-19,525,3,50
2020-03-19,526,1,10
2020-03-19,527,0,90
2020-03-19,528,0,20
2020-03-19,529,3,90
2020-03-19,530,2,15
2020-03-19,531,0,15
2020-03-19,532,3,80
2020-03-19,533,3,10
2020-03-19,534,0,50
2020-03-19,535,0,90
2020-03-19,536,2,80
2020-03-19,537,1,90
2020-03-19,538,2,90
2020-03-19,539,0,90
2020-03-19,540,1,80
2020-03-19,541,0,15
2020-03-19,542,3,50
2020-03-19,543,3,20
2020-03-19,544,3,90
2020-03-19,545,2,20
2020-03-19,546,0,15
2020-03-19,547,0,20
2020-03-19,548,1,20
2020-03-19,549,3,10
2020-03-19,550,2,80
2020-03-19,551,1,10
2020-03-19,552,3,15
2020-03-19,553,3,20
2020-03-19,554,0,50
2020-03-19,555,3,50
2020-03-19,556,0,90
2020-03-19,557,3,90
2020-03-19,558,1,20
2020-03-19,559,1,80
2020-03-19,560,1,50
2020-03-19,561,3,90
2020-03-19,562,0,50
2020-03-19,563,3,80
2020-03-19,564,0,90
2020-03-19,565,2,50
2020-03-19,566,2,80
2020-03-19,567,3,90
2020-03-19,568,3,90
2020-03-19,569,1,20
2020-03-19,570,0,20
2020-03-19,571,2,15
2020-03-19,572,3,90
2020-03-19,573,3,10
2020-03-19,574,0,20
2020-03-19,575,3,80
2020-03-19,576,2,80
2020-03-19,577,3,15
2020-03-19,578,3,15
2020-03-19,579,3,90
2020-03-19,580,0,90
2020-03-19,581,0,15
2020-03-19,582,1,15
2020-03-19,583,0,10
2020-03-19,584,3,10
2020-03-19,585,0,90
2020-03-19,586,3,20
2020-03-19,587,0,90
2020-03-19,588,1,15
2020-03-19,589,1,20
2020-03-19,590,3,20
2020-03-19,591,3,80
2020-03-19,592,3,15
2020-03-19,593,1,10
2020-03-19,594,2,10
2020-03-19,595,3,15
2020-03-19,596,2,15
2020-03-19,597,2,15
2020-03-19,598,2,10
2020-03-19,599,0,10
2020-03-19,600,0,50
2020-03-19,601,2,90
2020-03-19,602,1,80
2020-03-19,603,0,90
2020-03-19,604,0,15
2020-03-19,605,0,50
2020-03-19,606,3,10
2020-03-19,607,2,50
2020-03-19,608,0,90
2020-03-19,609,2,10
2020-03-19,610,0,80
2020-03-19,611,1,50
2020-03-19,612,2,80
2020-03-19,613,0,20
2020-03-19,614,3,15
2020-03-19,615,0,80
2020-03-19,616,2,90
2020-03-19,617,3,90
2020-03-19,618,0,80
2020-03-19,619,2,80
2020-03-19,620,0,10
2020-03-19,621,0,15
2020-03-19,622,2,90
2020-03-19,623,0,80
2020-03-19,624,3,15
2020-03-19,625,0,90
2020-03-19,626,3,20
2020-03-19,627,0,10
2020-03-19,628,1,80
2020-03-19,629,0,15
2020-03-19,630,2,50
2020-03-19,631,2,20
2020-03-19,632,1,10
2020-03-19,633,0,80
2020-03-19,634,1,80
2020-03-19,635,3,10
2020-03-19,636,1,90
2020-03-19,637,0,90
2020-03-19,638,3,80
2020-03-19,639,2,15
2020-03-19,640,3,20
2020-03-19,641,3,15
2020-03-19,642,0,15
2020-03-19,643,0,90
2020-03-19,644,3,90
2020-03-19,645,2,80
2020-03-19,646,0,90
2020-03-19,647,3,20
2020-03-19,648,3,90
2020-03-19,649,0,20
2020-03-19,650,2,20
2020-03-19,651,0,10
2020-03-19,652,0,90
2020-03-19,653,3,10
2020-03-19,654,3,50
2020-03-19,655,3,15
2020-03-19,656,3,90
2020-03-19,657,1,15
2020-03-19,658,2,90
2020-03-19,659,3,10
2020-03-19,660,3,80
2020-03-19,661,2,50
2020-03-19,662,1,10
2020-03-19,663,2,90
2020-03-19,664,0,20
2020-03-19,665,2,20
2020-03-19,666,1,90
2020-03-19,667,3,10
2020-03-19,668,2,80
2020-03-19,669,2,90
2020-03-19,670,2,20
2020-03-19,671,3,20
2020-03-19,672,1,50
2020-03-19,673,1,10
2020-03-19,674,2,10
2020-03-19,675,2,20
2020-03-19,676,1,90
2020-03-19,677,2,15
2020-03-19,678,1,80
2020-03-19,679,1,20
2020-03-19,680,0,50
2020-03-19,681,1,80
2020-03-19,682,2,90
2020-03-19,683,2,20
2020-03-19,684,0,15
2020-03-19,685,0,80
2020-03-19,686,3,80
2020-03-19,687,1,20
2020-03-19,688,2,80
2020-03-19,689,3,15
2020-03-19,690,1,10
2020-03-19,691,1,10
2020-03-19,692,1,15
2020-03-19,693,2,10
2020-03-19,694,2,15
2020-03-19,695,3,15
2020-03-19,696,2,50
2020-03-19,697,1,50
2020-03-19,698,3,20
2020-03-19,699,0,90
2020-03-19,700,3,15
2020-03-19,701,3,90
2020-03-19,702,0,80
2020-03-19,703,1,10
2020-03-19,704,1,80
2020-03-19,705,0,80
2020-03-19,706,2,50
2020-03-19,707,3,15
2020-03-19,708,1,50
2020-03-19,709,3,80
2020-03-19,710,1,10
2020-03-19,711,0,15
2020-03-19,712,1,15
2020-03-19,713,1,90
2020-03-19,714,2,90
2020-03-19,715,0,50
2020-03-19,716,0,50
2020-03-19,717,1,15
2020-03-19,718,2,20
2020-03-19,719,1,10
2020-03-19,720,3,10
2020-03-19,721,3,15
2020-03-19,722,2,15
2020-03-19,723,0,50
2020-03-19,724,3,20
2020-03-19,725,3,20
2020-03-19,726,0,50
2020-03-19,727,3,10
2020-03-19,728,1,20
2020-03-19,729,3,10
2020-03-19,730,1,10
2020-03-19,731,2,50
2020-03-19,732,0,80
2020-03-19,733,1,90
2020-03-19,734,0,80
2020-03-19,735,2,20
2020-03-19,736,3,80
2020-03-19,737,3,90
2020-03-19,738,1,90
2020-03-19,739,0,50
2020-03-19,740,2,20
2020-03-19,741,1,15
2020-03-19,742,2,80
2020-03-19,743,2,10
2020-03-19,744,2,20
2020-03-19,745,3,10
2020-03-19,746,2,15
2020-03-19,747,2,80
2020-03-19,748,2,15
2020-03-19,749,1,10
2020-03-19,750,1,20
2020-03-19,751,2,80
2020-03-19,752,0,80
2020-03-19,753,0,15
2020-03-19,754,2,80
2020-03-19,755,1,15
2020-03-19,756,2,50
2020-03-19,757,3,15
2020-03-19,758,1,50
2020-03-19,759,0,90
2020-03-19,760,2,80
2020-03-19,761,1,20
2020-03-19,762,3,10
2020-03-19,763,3,15
2020-03-19,764,0,90
2020-03-19,765,1,50
2020-03-19,766,1,10
2020-03-19,767,0,90
2020-03-19,768,1,15
2020-03-19,769,3,10
2020-03-19,770,1,15
2020-03-19,771,0,90
2020-03-19,772,1,50
2020-03-19,773,0,90
2020-03-19,774,0,10
2020-03-19,775,3,80
2020-03-19,776,1,90
2020-03-19,777,2,10
2020-03-19,778,0,50
2020-03-19,779,1,80
2020-03-19,780,3,15
2020-03-19,781,1,90
2020-03-19,782,3,15
2020-03-19,783,2,50
2020-03-19,784,0,15
2020-03-19,785,2,80
2020-03-19,786,3,20
2020-03-19,787,2,50
2020-03-19,788,1,90
2020-03-19,789,0,50
2020-03-19,790,3,10
2020-03-19,791,1,10
2020-03-19,792,0,15
2020-03-19,793,1,10
2020-03-19,794,3,90
2020-03-19,795,3,50
2020-03-19,796,2,90
2020-03-19,797,3,80
2020-03-19,798,3,80
2020-03-19,799,2,80
2020-03-19,800,3,10
2020-03-19,801,2,10
2020-03-19,802,0,10
2020-03-19,803,2,50
2020-03-19,804,1,15
2020-03-19,805,3,10
2020-03-19,806,1,15
2020-03-19,807,2,80
2020-03-19,808,3,10
2020-03-19,809,0,20
2020-03-19,810,3,10
2020-03-19,811,3,15
2020-03-19,812,0,50
2020-03-19,813,0,10
2020-03-19,814,2,10
2020-03-19,815,2,90
2020-03-19,816,2,20
2020-03-19,817,3,90
2020-03-19,818,2,90
2020-03-19,819,2,10
2020-03-19,820,0,15
2020-03-19,821,1,20
2020-03-19,822,1,15
2020-03-19,823,2,20
2020-03-19,824,0,10
2020-03-19,825,3,80
2020-03-19,826,1,90
2020-03-19,827,0,50
2020-03-19,828,1,20
2020-03-19,829,3,90
2020-03-19,830,3,20
2020-03-19,831,2,20
2020-03-19,832,3,20
2020-03-19,833,0,80
2020-03-19,834,1,15
2020-03-19,835,0,50
2020-03-19,836,0,10
2020-03-19,837,1,10
2020-03-19,838,0,80
2020-03-19,839,0,10
2020-03-19,840,1,10
2020-03-19,841,0,15
2020-03-19,842,2,10
2020-03-19,843,0,90
2020-03-19,844,0,80
2020-03-19,845,2,15
2020-03-19,846,0,80
2020-03-19,847,3,20
2020-03-19,848,1,20
2020-03-19,849,3,50
2020-03-19,850,3,15
2020-03-19,851,2,15
2020-03-19,852,3,20
2020-03-19,853,0,10
2020-03-19,854,2,80
2020-03-19,855,1,50
2020-03-19,856,1,20
2020-03-19,857,3,80
2020-03-19,858,0,50
2020-03-19,859,0,90
2020-03-19,860,2,90
2020-03-19,861,0,20
2020-03-19,862,3,15
2020-03-19,863,1,20
2020-03-19,864,0,10
2020-03-19,865,3,20
2020-03-19,866,0,15
2020-03-19,867,3,90
2020-03-19,868,2,50
2020-03-19,869,2,80
2020-03-19,870,2,10
2020-03-19,871,3,15
2020-03-19,872,3,90
2020-03-19,873,1,10
2020-03-19,874,0,90
2020-03-19,875,0,20
2020-03-19,876,1,10
2020-03-19,877,2,80
2020-03-19,878,2,10
2020-03-19,879,2,20
2020-03-19,880,1,10
2020-03-19,881,1,15
2020-03-19,882,1,80
2020-03-19,883,2,80
2020-03-19,884,1,80
2020-03-19,885,3,80
2020-03-19,886,2,10
2020-03-19,887,1,10
2020-03-19,888,2,80
2020-03-19,889,0,15
2020-03-19,890,2,15
2020-03-19,891,2,15
2020-03-19,892,0,10
2020-03-19,893,0,90
2020-03-19,894,3,50
2020-03-19,895,2,90
2020-03-19,896,3,15
2020-03-19,897,3,90
2020-03-19,898,1,50
2020-03-19,899,0,20
2020-03-19,900,1,10
2020-03-19,901,0,80
2020-03-19,902,1,80
2020-03-19,903,1,80
2020-03-19,904,1,90
2020-03-19,905,1,50
2020-03-19,906,3,15
2020-03-19,907,2,20
2020-03-19,908,1,10
2020-03-19,909,0,15
2020-03-19,910,3,90
2020-03-19,911,2,80
2020-03-19,912,3,15
2020-03-19,913,3,20
2020-03-19,914,1,20
2020-03-19,915,0,50
2020-03-19,916,1,15
2020-03-19,917,0,90
2020-03-19,918,1,20
2020-03-19,919,2,90
2020-03-19,920,2,90
2020-03-19,921,1,20
2020-03-19,922,2,20
2020-03-19,923,3,90
2020-03-19,924,2,50
2020-03-19,925,1,50
2020-03-19,926,2,50
2020-03-19,927,3,15
2020-03-19,928,3,20
2020-03-19,929,2,90
2020-03-19,930,0,15
2020-03-19,931,0,10
2020-03-19,932,1,90
2020-03-19,933,1,90
2020-03-19,934,2,80
2020-03-19,935,0,10
2020-03-19,936,2,15
2020-03-19,937,3,20
2020-03-19,938,1,10
2020-03-19,939,0,10
2020-03-19,940,0,15
2020-03-19,941,1,20
2020-03-19,942,1,15
2020-03-19,943,2,20
2020-03-19,944,3,90
2020-03-19,945,3,10
2020-03-19,946,2,90
2020-03-19,947,2,20
2020-03-19,948,1,90
2020-03-19,949,1,10
2020-03-19,950,3,50
2020-03-19,951,2,90
2020-03-19,952,0,50
2020-03-19,953,3,50
2020-03-19,954,2,20
2020-03-19,955,2,80
2020-03-19,956,2,50
2020-03-19,957,0,15
2020-03-19,958,0,15
2020-03-19,959,2,10
2020-03-19,960,2,15
2020-03-19,961,0,90
2020-03-19,962,1,90
2020-03-19,963,0,10
2020-03-19,964,0,20
2020-03-19,965,2,20
2020-03-19,966,1,20
2020-03-19,967,2,90
2020-03-19,968,1,15
2020-03-19,969,1,10
2020-03-19,970,0,90
2020-03-19,971,0,15
2020-03-19,972,2,80
2020-03-19,973,1,80
2020-03-19,974,0,10
2020-03-19,975,0,20
2020-03-19,976,1,15
2020-03-19,977,3,15
2020-03-19,978,0,50
2020-03-19,979,2,50
2020-03-19,980,1,15
2020-03-19,981,3,20
2020-03-19,982,1,50
2020-03-19,983,3,90
2020-03-19,984,0,80
2020-03-19,985,0,10
2020-03-19,986,2,20
2020-03-19,987,1,20
2020-03-19,988,1,15
2020-03-19,989,2,20
2020-03-19,990,3,10
2020-03-19,991,1,50
2020-03-19,992,0,80
2020-03-19,993,3,20
2020-03-19,994,3,80
2020-03-19,995,3,50
2020-03-19,996,0,80
2020-03-19,997,2,50
2020-03-19,998,1,80
2020-03-19,999,2,50
2020-03-19,1000,3,90
2020-03-19,1001,2,90
2020-03-19,1002,2,20
2020-03-19,1003,3,90
2020-03-19,1004,2,90
2020-03-19,1005,0,50
2020-03-19,1006,1,80
2020-03-19,1007,3,20
2020-03-19,1008,1,80
2020-03-19,1009,1,50
2020-03-19,1010,2,90
2020-03-19,1011,0,50
2020-03-19,1012,3,80
2020-03-19,1013,3,80
2020-03-19,1014,3,90
2020-03-19,1015,0,50
2020-03-19,1016,3,20
2020-03-19,1017,1,20
2020-03-19,1018,1,90
2020-03-19,1019,1,90
2020-03-19,1020,2,15
2020-03-19,1021,3,15
2020-03-19,1022,0,20
2020-03-19,1023,3,15
2020-03-19,1024,1,10
2020-03-19,1025,3,50
2020-03-19,1026,2,10
2020-03-19,1027,2,15
2020-03-19,1028,1,50
2020-03-19,1029,1,20
2020-03-19,1030,0,90
2020-03-19,1031,1,15
2020-03-19,1032,1,20
2020-03-19,1033,2,20
2020-03-19,1034,2,15
2020-03-19,1035,1,90
2020-03-19,1036,0,15
2020-03-19,1037,1,10
2020-03-19,1038,1,80
2020-03-19,1039,1,10
2020-03-19,1040,2,20
2020-03-19,1041,1,15
2020-03-19,1042,2,15
2020-03-19,1043,2,50
2020-03-19,1044,2,90
2020-03-19,1045,1,50
2020-03-19,1046,0,15
2020-03-19,1047,0,90
2020-03-19,1048,0,20
2020-03-19,1049,0,15
2020-03-19,1050,3,90
2020-03-19,1051,0,50
2020-03-19,1052,1,15
2020-03-19,1053,3,90
2020-03-19,1054,1,80
2020-03-19,1055,2,20
2020-03-19,1056,3,80
2020-03-19,1057,0,90
2020-03-19,1058,0,80
2020-03-19,1059,1,10
2020-03-19,1060,3,20
2020-03-19,1061,3,50
2020-03-19,1062,1,20
2020-03-19,1063,2,15
2020-03-19,1064,3,10
2020-03-19,1065,3,90
2020-03-19,1066,2,90
2020-03-19,1067,1,50
2020-03-19,1068,3,15
2020-03-19,1069,0,80
2020-03-19,1070,1,50
2020-03-19,1071,1,20
2020-03-19,1072,3,50
2020-03-19,1073,3,10
2020-03-19,1074,3,20
2020-03-19,1075,1,50
2020-03-19,1076,0,10
2020-03-19,1077,3,90
2020-03-19,1078,3,90
2020-03-19,1079,3,20
2020-03-19,1080,3,10
2020-03-19,1081,0,90
2020-03-19,1082,3,20
2020-03-19,1083,3,20
2020-03-19,1084,1,80
2020-03-19,1085,2,20
2020-03-19,1086,1,80
2020-03-19,1087,1,15
2020-03-19,1088,1,50
2020-03-19,1089,2,90
2020-03-19,1090,3,80
2020-03-19,1091,1,15
2020-03-19,1092,2,90
2020-03-19,1093,3,15
2020-03-19,1094,0,80
2020-03-19,1095,1,15
2020-03-19,1096,1,15
2020-03-19,1097,1,90
2020-03-19,1098,3,15
2020-03-19,1099,3,50
