2020-03-17,100,3,10
2020-03-17,101,0,10
2020-03-17,102,1,50
2020-03-17,103,2,10
2020-03-17,104,1,200
2020-03-17,105,2,50
2020-03-17,106,3,200
2020-03-17,107,2,50
2020-03-17,108,2,100
2020-03-17,109,1,50
2020-03-17,110,3,50
2020-03-17,111,1,50
2020-03-17,112,1,200
2020-03-17,113,3,10
2020-03-17,114,2,1000
2020-03-17,115,2,200
2020-03-17,116,0,50
2020-03-17,117,2,15
2020-03-17,118,2,50
2020-03-17,119,3,50
2020-03-17,120,2,200
2020-03-17,121,2,200
2020-03-17,122,3,50
2020-03-17,123,3,10
2020-03-17,124,0,200
2020-03-17,125,2,50
2020-03-17,126,2,15
2020-03-17,127,3,1000
2020-03-17,128,3,50
2020-03-17,129,2,10
2020-03-17,130,0,50
2020-03-17,131,3,15
2020-03-17,132,1,10
2020-03-17,133,2,1000
2020-03-17,134,1,10
2020-03-17,135,2,50
2020-03-17,136,1,50
2020-03-17,137,2,100
2020-03-17,138,3,50
2020-03-17,139,3,100
2020-03-17,140,2,200
2020-03-17,141,0,1000
2020-03-17,142,3,15
2020-03-17,143,1,10
2020-03-17,144,0,50
2020-03-17,145,2,200
2020-03-17,146,0,200
2020-03-17,147,2,100
2020-03-17,148,1,100
2020-03-17,149,0,10
2020-03-17,150,3,1000
2020-03-17,151,2,200
2020-03-17,152,3,1000
2020-03-17,153,3,1000
2020-03-17,154,0,1000
2020-03-17,155,2,200
2020-03-17,156,1,50
2020-03-17,157,1,100
2020-03-17,158,3,100
2020-03-17,159,1,50
2020-03-17,160,3,100
2020-03-17,161,1,50
2020-03-17,162,2,50
2020-03-17,163,2,200
2020-03-17,164,2,50
2020-03-17,165,3,100
2020-03-17,166,0,15
2020-03-17,167,3,200
2020-03-17,168,2,50
2020-03-17,169,1,15
2020-03-17,170,0,15
2020-03-17,171,1,1000
2020-03-17,172,3,10
2020-03-17,173,3,1000
2020-03-17,174,1,10
2020-03-17,175,3,1000
2020-03-17,176,0,200
2020-03-17,177,3,1000
2020-03-17,178,2,15
2020-03-17,179,2,15
2020-03-17,180,1,15
2020-03-17,181,1,15
2020-03-17,182,0,10
2020-03-17,183,1,15
2020-03-17,184,2,15
2020-03-17,185,3,50
2020-03-17,186,3,15
2020-03-17,187,3,15
2020-03-17,188,0,200
2020-03-17,189,1,10
2020-03-17,190,2,10
2020-03-17,191,3,100
2020-03-17,192,1,15
2020-03-17,193,3,10
2020-03-17,194,2,15
2020-03-17,195,0,1000
2020-03-17,196,2,10
2020-03-17,197,0,10
2020-03-17,198,2,15
2020-03-17,199,3,15
2020-03-17,200,1,100
2020-03-17,201,1,50
2020-03-17,202,1,10
2020-03-17,203,3,10
2020-03-17,204,0,15
2020-03-17,205,0,50
2020-03-17,206,3,10
2020-03-17,207,2,1000
2020-03-17,208,3,200
2020-03-17,209,0,50
2020-03-17,210,0,100
2020-03-17,211,0,200
2020-03-17,212,3,10
2020-03-17,213,1,100
2020-03-17,214,0,50
2020-03-17,215,1,15
2020-03-17,216,3,100
2020-03-17,217,1,15
2020-03-17,218,1,200
2020-03-17,219,3,1000
2020-03-17,220,3,10
2020-03-17,221,3,50
2020-03-17,222,3,50
2020-03-17,223,3,15
2020-03-17,224,3,10
2020-03-17,225,3,15
2020-03-17,226,2,15
2020-03-17,227,1,50
2020-03-17,228,2,50
2020-03-17,229,0,15
2020-03-17,230,0,200
2020-03-17,231,2,50
2020-03-17,232,0,15
2020-03-17,233,1,50
2020-03-17,234,2,1000
2020-03-17,235,0,15
2020-03-17,236,0,10
2020-03-17,237,3,1000
2020-03-17,238,3,50
2020-03-17,239,3,10
2020-03-17,240,2,50
2020-03-17,241,0,100
2020-03-17,242,3,50
2020-03-17,243,1,1000
2020-03-17,244,1,15
2020-03-17,245,0,1000
2020-03-17,246,0,15
2020-03-17,247,0,15
2020-03-17,248,2,200
2020-03-17,249,3,100
2020-03-17,250,3,50
2020-03-17,251,0,100
2020-03-17,252,2,10
2020-03-17,253,3,10
2020-03-17,254,0,1000
2020-03-17,255,0,200
2020-03-17,256,3,200
2020-03-17,257,3,100
2020-03-17,258,3,100
2020-03-17,259,2,50
2020-03-17,260,1,15
2020-03-17,261,0,200
2020-03-17,262,1,50
2020-03-17,263,3,1000
2020-03-17,264,2,15
2020-03-17,265,3,50
2020-03-17,266,0,10
2020-03-17,267,1,15
2020-03-17,268,3,10
2020-03-17,269,2,200
2020-03-17,270,3,50
2020-03-17,271,2,15
2020-03-17,272,3,1000
2020-03-17,273,0,100
2020-03-17,274,2,15
2020-03-17,275,2,200
2020-03-17,276,0,1000
2020-03-17,277,3,1000
2020-03-17,278,2,1000
2020-03-17,279,2,50
2020-03-17,280,2,100
2020-03-17,281,1,1000
2020-03-17,282,3,1000
2020-03-17,283,3,200
2020-03-17,284,1,15
2020-03-17,285,0,100
2020-03-17,286,1,15
2020-03-17,287,3,200
2020-03-17,288,2,1000
2020-03-17,289,1,10
2020-03-17,290,3,1000
2020-03-17,291,1,100
2020-03-17,292,3,100
2020-03-17,293,2,10
2020-03-17,294,3,200
2020-03-17,295,3,50
2020-03-17,296,0,50
2020-03-17,297,2,15
2020-03-17,298,3,50
2020-03-17,299,2,1000
2020-03-17,300,3,10
2020-03-17,301,3,10
2020-03-17,302,1,100
2020-03-17,303,0,15
2020-03-17,304,3,10
2020-03-17,305,1,15
2020-03-17,306,1,50
2020-03-17,307,2,200
2020-03-17,308,1,15
2020-03-17,309,1,10
2020-03-17,310,0,15
2020-03-17,311,3,100
2020-03-17,312,0,15
2020-03-17,313,1,15
2020-03-17,314,3,100
2020-03-17,315,1,15
2020-03-17,316,3,15
2020-03-17,317,1,10
2020-03-17,318,0,15
2020-03-17,319,0,15
2020-03-17,320,3,50
2020-03-17,321,1,15
2020-03-17,322,1,200
2020-03-17,323,3,200
2020-03-17,324,1,15
2020-03-17,325,2,50
2020-03-17,326,3,10
2020-03-17,327,1,200
2020-03-17,328,2,1000
2020-03-17,329,3,50
2020-03-17,330,3,15
2020-03-17,331,2,10
2020-03-17,332,0,50
2020-03-17,333,0,200
2020-03-17,334,0,100
2020-03-17,335,1,1000
2020-03-17,336,1,200
2020-03-17,337,1,200
2020-03-17,338,3,200
2020-03-17,339,3,15
2020-03-17,340,1,100
2020-03-17,341,0,15
2020-03-17,342,1,15
2020-03-17,343,3,200
2020-03-17,344,3,100
2020-03-17,345,3,50
2020-03-17,346,3,10
2020-03-17,347,3,50
2020-03-17,348,3,100
2020-03-17,349,0,1000
2020-03-17,350,3,1000
2020-03-17,351,2,15
2020-03-17,352,0,100
2020-03-17,353,1,50
2020-03-17,354,0,50
2020-03-17,355,3,50
2020-03-17,356,2,10
2020-03-17,357,1,15
2020-03-17,358,1,1000
2020-03-17,359,2,10
2020-03-17,360,1,100
2020-03-17,361,2,1000
2020-03-17,362,1,200
2020-03-17,363,2,100
2020-03-17,364,0,50
2020-03-17,365,0,1000
2020-03-17,366,0,10
2020-03-17,367,2,50
2020-03-17,368,1,1000
2020-03-17,369,0,50
2020-03-17,370,1,1000
2020-03-17,371,3,200
2020-03-17,372,2,1000
2020-03-17,373,0,100
2020-03-17,374,1,15
2020-03-17,375,0,50
2020-03-17,376,1,50
2020-03-17,377,3,15
2020-03-17,378,1,1000
2020-03-17,379,0,50
2020-03-17,380,1,50
2020-03-17,381,1,100
2020-03-17,382,0,1000
2020-03-17,383,3,1000
2020-03-17,384,1,100
2020-03-17,385,3,15
2020-03-17,386,2,1000
2020-03-17,387,2,50
2020-03-17,388,0,50
2020-03-17,389,1,50
2020-03-17,390,2,100
2020-03-17,391,3,15
2020-03-17,392,1,15
2020-03-17,393,3,15
2020-03-17,394,0,200
2020-03-17,395,0,100
2020-03-17,396,2,15
2020-03-17,397,1,15
2020-03-17,398,3,50
2020-03-17,399,2,1000
2020-03-17,400,1,50
2020-03-17,401,3,10
2020-03-17,402,0,200
2020-03-17,403,1,50
2020-03-17,404,1,15
2020-03-17,405,2,100
2020-03-17,406,2,100
2020-03-17,407,3,100
2020-03-17,408,2,50
2020-03-17,409,3,100
2020-03-17,410,1,50
2020-03-17,411,3,15
2020-03-17,412,3,10
2020-03-17,413,1,1000
2020-03-17,414,2,10
2020-03-17,415,3,200
2020-03-17,416,3,100
2020-03-17,417,0,10
2020-03-17,418,1,50
2020-03-17,419,2,15
2020-03-17,420,3,10
2020-03-17,421,3,15
2020-03-17,422,0,10
2020-03-17,423,0,50
2020-03-17,424,1,15
2020-03-17,425,0,15
2020-03-17,426,2,200
2020-03-17,427,1,50
2020-03-17,428,2,15
2020-03-17,429,0,50
2020-03-17,430,3,1000
2020-03-17,431,3,100
2020-03-17,432,3,10
2020-03-17,433,0,1000
2020-03-17,434,2,10
2020-03-17,435,0,10
2020-03-17,436,0,50
2020-03-17,437,1,200
2020-03-17,438,1,15
2020-03-17,439,1,10
2020-03-17,440,1,50
2020-03-17,441,2,10
2020-03-17,442,1,100
2020-03-17,443,1,10
2020-03-17,444,3,50
2020-03-17,445,3,50
2020-03-17,446,0,200
2020-03-17,447,2,50
2020-03-17,448,1,1000
2020-03-17,449,0,200
2020-03-17,450,0,200
2020-03-17,451,0,100
2020-03-17,452,1,1000
2020-03-17,453,2,15
2020-03-17,454,3,1000
2020-03-17,455,2,10
2020-03-17,456,2,10
2020-03-17,457,3,200
2020-03-17,458,1,50
2020-03-17,459,3,100
2020-03-17,460,2,200
2020-03-17,461,0,15
2020-03-17,462,0,50
2020-03-17,463,2,15
2020-03-17,464,1,100
2020-03-17,465,0,15
2020-03-17,466,2,200
2020-03-17,467,2,1000
2020-03-17,468,0,200
2020-03-17,469,0,50
2020-03-17,470,2,10
2020-03-17,471,2,15
2020-03-17,472,0,200
2020-03-17,473,3,50
2020-03-17,474,0,200
2020-03-17,475,0,50
2020-03-17,476,1,200
2020-03-17,477,1,1000
2020-03-17,478,1,100
2020-03-17,479,3,15
2020-03-17,480,1,100
2020-03-17,481,0,50
2020-03-17,482,1,100
2020-03-17,483,2,50
2020-03-17,484,1,10
2020-03-17,485,2,100
2020-03-17,486,0,200
2020-03-17,487,0,100
2020-03-17,488,3,1000
2020-03-17,489,3,1000
2020-03-17,490,3,10
2020-03-17,491,1,200
2020-03-17,492,3,15
2020-03-17,493,1,200
2020-03-17,494,0,1000
2020-03-17,495,1,100
2020-03-17,496,3,1000
2020-03-17,497,1,10
2020-03-17,498,1,1000
2020-03-17,499,3,50
2020-03-17,500,2,10
2020-03-17,501,0,10
2020-03-17,502,3,10
2020-03-17,503,2,1000
2020-03-17,504,1,100
2020-03-17,505,0,200
2020-03-17,506,3,15
2020-03-17,507,1,100
2020-03-17,508,2,50
2020-03-17,509,0,200
2020-03-17,510,1,50
2020-03-17,511,2,50
2020-03-17,512,2,1000
2020-03-17,513,1,100
2020-03-17,514,2,50
2020-03-17,515,3,50
2020-03-17,516,1,100
2020-03-17,517,3,15
2020-03-17,518,0,15
2020-03-17,519,2,10
2020-03-17,520,0,200
2020-03-17,521,0,100
2020-03-17,522,2,100
2020-03-17,523,3,15
2020-03-17,524,3,1000
2020-03-17,525,3,100
2020-03-17,526,2,10
2020-03-17,527,0,15
2020-03-17,528,2,200
2020-03-17,529,2,10
2020-03-17,530,1,1000
2020-03-17,531,2,10
2020-03-17,532,0,50
2020-03-17,533,3,1000
2020-03-17,534,3,100
2020-03-17,535,2,50
2020-03-17,536,3,1000
2020-03-17,537,1,200
2020-03-17,538,0,10
2020-03-17,539,2,1000
2020-03-17,540,2,1000
2020-03-17,541,1,100
2020-03-17,542,0,15
2020-03-17,543,1,100
2020-03-17,544,0,1000
2020-03-17,545,0,100
2020-03-17,546,2,1000
2020-03-17,547,0,1000
2020-03-17,548,1,1000
2020-03-17,549,0,15
2020-03-17,550,0,10
2020-03-17,551,3,1000
2020-03-17,552,1,15
2020-03-17,553,3,1000
2020-03-17,554,0,15
2020-03-17,555,1,15
2020-03-17,556,0,50
2020-03-17,557,1,100
2020-03-17,558,0,1000
2020-03-17,559,2,10
2020-03-17,560,0,1000
2020-03-17,561,3,100
2020-03-17,562,1,200
2020-03-17,563,0,15
2020-03-17,564,0,10
2020-03-17,565,2,10
2020-03-17,566,3,15
2020-03-17,567,1,100
2020-03-17,568,3,10
2020-03-17,569,1,50
2020-03-17,570,3,15
2020-03-17,571,3,200
2020-03-17,572,0,100
2020-03-17,573,0,1000
2020-03-17,574,0,1000
2020-03-17,575,3,100
2020-03-17,576,0,15
2020-03-17,577,2,1000
2020-03-17,578,0,1000
2020-03-17,579,2,1000
2020-03-17,580,0,200
2020-03-17,581,3,200
2020-03-17,582,2,200
2020-03-17,583,3,10
2020-03-17,584,1,10
2020-03-17,585,3,200
2020-03-17,586,1,1000
2020-03-17,587,1,50
2020-03-17,588,3,50
2020-03-17,589,0,15
2020-03-17,590,0,200
2020-03-17,591,2,15
2020-03-17,592,3,15
2020-03-17,593,0,200
2020-03-17,594,1,50
2020-03-17,595,0,1000
2020-03-17,596,3,1000
2020-03-17,597,0,100
2020-03-17,598,3,50
2020-03-17,599,2,100
2020-03-17,600,1,100
2020-03-17,601,1,200
2020-03-17,602,2,1000
2020-03-17,603,2,1000
2020-03-17,604,2,50
2020-03-17,605,1,200
2020-03-17,606,2,50
2020-03-17,607,3,1000
2020-03-17,608,1,15
2020-03-17,609,0,50
2020-03-17,610,0,1000
2020-03-17,611,3,50
2020-03-17,612,3,10
2020-03-17,613,0,100
2020-03-17,614,0,15
2020-03-17,615,2,200
2020-03-17,616,3,50
2020-03-17,617,1,100
2020-03-17,618,2,10
2020-03-17,619,1,1000
2020-03-17,620,1,200
2020-03-17,621,3,200
2020-03-17,622,1,1000
2020-03-17,623,2,1000
2020-03-17,624,3,50
2020-03-17,625,0,50
2020-03-17,626,0,100
2020-03-17,627,1,15
2020-03-17,628,0,1000
2020-03-17,629,2,10
2020-03-17,630,3,10
2020-03-17,631,3,10
2020-03-17,632,3,10
2020-03-17,633,1,200
2020-03-17,634,0,1000
2020-03-17,635,1,100
2020-03-17,636,1,50
2020-03-17,637,0,1000
2020-03-17,638,3,1000
2020-03-17,639,1,200
2020-03-17,640,3,10
2020-03-17,641,0,15
2020-03-17,642,2,100
2020-03-17,643,3,1000
2020-03-17,644,0,15
2020-03-17,645,0,100
2020-03-17,646,0,200
2020-03-17,647,0,100
2020-03-17,648,1,15
2020-03-17,649,2,1000
2020-03-17,650,2,200
2020-03-17,651,1,10
2020-03-17,652,0,15
2020-03-17,653,3,200
2020-03-17,654,0,1000
2020-03-17,655,1,100
2020-03-17,656,2,15
2020-03-17,657,1,15
2020-03-17,658,0,100
2020-03-17,659,1,1000
2020-03-17,660,3,15
2020-03-17,661,1,10
2020-03-17,662,0,10
2020-03-17,663,3,200
2020-03-17,664,0,200
2020-03-17,665,3,10
2020-03-17,666,2,100
2020-03-17,667,3,50
2020-03-17,668,1,50
2020-03-17,669,0,50
2020-03-17,670,0,15
2020-03-17,671,2,100
2020-03-17,672,1,100
2020-03-17,673,1,200
2020-03-17,674,0,15
2020-03-17,675,2,15
2020-03-17,676,2,10
2020-03-17,677,1,50
2020-03-17,678,1,50
2020-03-17,679,1,15
2020-03-17,680,3,10
2020-03-17,681,3,50
2020-03-17,682,2,15
2020-03-17,683,0,200
2020-03-17,684,3,15
2020-03-17,685,1,15
2020-03-17,686,2,100
2020-03-17,687,0,1000
2020-03-17,688,3,1000
2020-03-17,689,1,15
2020-03-17,690,2,100
2020-03-17,691,3,50
2020-03-17,692,0,1000
2020-03-17,693,1,200
2020-03-17,694,3,50
2020-03-17,695,0,100
2020-03-17,696,3,15
2020-03-17,697,0,100
2020-03-17,698,1,50
2020-03-17,699,1,50
2020-03-17,700,1,15
2020-03-17,701,3,15
2020-03-17,702,2,10
2020-03-17,703,2,10
2020-03-17,704,0,15
2020-03-17,705,2,10
2020-03-17,706,1,50
2020-03-17,707,1,50
2020-03-17,708,2,10
2020-03-17,709,3,100
2020-03-17,710,1,10
2020-03-17,711,3,200
2020-03-17,712,0,100
2020-03-17,713,1,50
2020-03-17,714,2,1000
2020-03-17,715,2,100
2020-03-17,716,2,10
2020-03-17,717,2,100
2020-03-17,718,1,100
2020-03-17,719,3,50
2020-03-17,720,2,200
2020-03-17,721,0,1000
2020-03-17,722,3,200
2020-03-17,723,0,100
2020-03-17,724,0,200
2020-03-17,725,1,200
2020-03-17,726,0,50
2020-03-17,727,1,200
2020-03-17,728,1,10
2020-03-17,729,0,10
2020-03-17,730,2,100
2020-03-17,731,0,50
2020-03-17,732,1,200
2020-03-17,733,2,200
2020-03-17,734,1,15
2020-03-17,735,3,1000
2020-03-17,736,0,10
2020-03-17,737,1,10
2020-03-17,738,3,200
2020-03-17,739,0,200
2020-03-17,740,2,1000
2020-03-17,741,0,10
2020-03-17,742,0,100
2020-03-17,743,1,15
2020-03-17,744,2,1000
2020-03-17,745,0,200
2020-03-17,746,2,200
2020-03-17,747,3,200
2020-03-17,748,3,200
2020-03-17,749,2,15
2020-03-17,750,2,1000
2020-03-17,751,0,1000
2020-03-17,752,1,10
2020-03-17,753,2,100
2020-03-17,754,2,1000
2020-03-17,755,2,50
2020-03-17,756,1,10
2020-03-17,757,1,50
2020-03-17,758,3,100
2020-03-17,759,1,100
2020-03-17,760,0,100
2020-03-17,761,1,1000
2020-03-17,762,0,50
2020-03-17,763,2,1000
2020-03-17,764,2,10
2020-03-17,765,2,1000
2020-03-17,766,3,15
2020-03-17,767,0,50
2020-03-17,768,1,50
2020-03-17,769,3,10
2020-03-17,770,1,50
2020-03-17,771,0,10
2020-03-17,772,2,50
2020-03-17,773,1,10
2020-03-17,774,2,10
2020-03-17,775,3,1000
2020-03-17,776,1,100
2020-03-17,777,1,200
2020-03-17,778,2,200
2020-03-17,779,1,10
2020-03-17,780,2,200
2020-03-17,781,1,15
2020-03-17,782,2,200
2020-03-17,783,0,1000
2020-03-17,784,3,10
2020-03-17,785,2,1000
2020-03-17,786,2,1000
2020-03-17,787,2,1000
2020-03-17,788,3,1000
2020-03-17,789,0,200
2020-03-17,790,2,10
2020-03-17,791,3,15
2020-03-17,792,1,15
2020-03-17,793,1,50
2020-03-17,794,1,100
2020-03-17,795,1,200
2020-03-17,796,0,1000
2020-03-17,797,2,10
2020-03-17,798,2,1000
2020-03-17,799,2,1000
2020-03-17,800,1,10
2020-03-17,801,2,50
2020-03-17,802,1,1000
2020-03-17,803,1,100
2020-03-17,804,2,1000
2020-03-17,805,0,200
2020-03-17,806,3,1000
2020-03-17,807,0,10
2020-03-17,808,2,200
2020-03-17,809,1,100
2020-03-17,810,2,100
2020-03-17,811,3,200
2020-03-17,812,2,200
2020-03-17,813,3,10
2020-03-17,814,2,1000
2020-03-17,815,3,15
2020-03-17,816,1,200
2020-03-17,817,3,50
2020-03-17,818,0,15
2020-03-17,819,3,100
2020-03-17,820,1,1000
2020-03-17,821,2,1000
2020-03-17,822,3,100
2020-03-17,823,3,15
2020-03-17,824,3,100
2020-03-17,825,0,50
2020-03-17,826,2,200
2020-03-17,827,2,10
2020-03-17,828,2,200
2020-03-17,829,0,10
2020-03-17,830,3,1000
2020-03-17,831,1,1000
2020-03-17,832,1,15
2020-03-17,833,1,15
2020-03-17,834,1,15
2020-03-17,835,1,1000
2020-03-17,836,2,50
2020-03-17,837,2,1000
2020-03-17,838,2,10
2020-03-17,839,3,10
2020-03-17,840,2,100
2020-03-17,841,1,50
2020-03-17,842,3,15
2020-03-17,843,0,15
2020-03-17,844,1,15
2020-03-17,845,2,50
2020-03-17,846,0,100
2020-03-17,847,1,15
2020-03-17,848,1,1000
2020-03-17,849,0,200
2020-03-17,850,0,1000
2020-03-17,851,3,100
2020-03-17,852,0,15
2020-03-17,853,3,100
2020-03-17,854,3,200
2020-03-17,855,1,50
2020-03-17,856,2,50
2020-03-17,857,3,50
2020-03-17,858,3,100
2020-03-17,859,2,10
2020-03-17,860,3,10
2020-03-17,861,3,200
2020-03-17,862,3,100
2020-03-17,863,0,100
2020-03-17,864,2,50
2020-03-17,865,0,50
2020-03-17,866,0,200
2020-03-17,867,1,200
2020-03-17,868,3,15
2020-03-17,869,0,15
2020-03-17,870,0,50
2020-03-17,871,2,10
2020-03-17,872,1,200
2020-03-17,873,1,50
2020-03-17,874,0,15
2020-03-17,875,0,15
2020-03-17,876,1,50
2020-03-17,877,2,100
2020-03-17,878,1,10
2020-03-17,879,3,1000
2020-03-17,880,1,200
2020-03-17,881,2,100
2020-03-17,882,1,200
2020-03-17,883,3,1000
2020-03-17,884,1,100
2020-03-17,885,3,1000
2020-03-17,886,1,15
2020-03-17,887,1,15
2020-03-17,888,2,15
2020-03-17,889,1,15
2020-03-17,890,0,15
2020-03-17,891,1,15
2020-03-17,892,0,10
2020-03-17,893,3,200
2020-03-17,894,2,10
2020-03-17,895,3,10
2020-03-17,896,3,100
2020-03-17,897,2,10
2020-03-17,898,3,10
2020-03-17,899,2,10
2020-03-17,900,1,50
2020-03-17,901,1,10
2020-03-17,902,0,10
2020-03-17,903,3,100
2020-03-17,904,2,15
2020-03-17,905,3,1000
2020-03-17,906,2,10
2020-03-17,907,1,200
2020-03-17,908,0,200
2020-03-17,909,2,10
2020-03-17,910,2,50
2020-03-17,911,1,200
2020-03-17,912,3,10
2020-03-17,913,1,50
2020-03-17,914,3,10
2020-03-17,915,0,50
2020-03-17,916,3,10
2020-03-17,917,3,100
2020-03-17,918,2,100
2020-03-17,919,2,200
2020-03-17,920,1,1000
2020-03-17,921,2,15
2020-03-17,922,2,15
2020-03-17,923,1,100
2020-03-17,924,3,50
2020-03-17,925,3,1000
2020-03-17,926,1,200
2020-03-17,927,1,1000
2020-03-17,928,2,200
2020-03-17,929,2,1000
2020-03-17,930,2,10
2020-03-17,931,0,200
2020-03-17,932,3,10
2020-03-17,933,0,100
2020-03-17,934,3,100
2020-03-17,935,1,1000
2020-03-17,936,0,100
2020-03-17,937,3,100
2020-03-17,938,3,200
2020-03-17,939,1,100
2020-03-17,940,2,50
2020-03-17,941,1,1000
2020-03-17,942,0,1000
2020-03-17,943,1,100
2020-03-17,944,1,1000
2020-03-17,945,1,10
2020-03-17,946,2,10
2020-03-17,947,0,15
2020-03-17,948,1,1000
2020-03-17,949,0,50
2020-03-17,950,0,100
2020-03-17,951,0,50
2020-03-17,952,3,1000
2020-03-17,953,2,100
2020-03-17,954,0,100
2020-03-17,955,0,10
2020-03-17,956,2,200
2020-03-17,957,3,100
2020-03-17,958,0,100
2020-03-17,959,2,15
2020-03-17,960,0,200
2020-03-17,961,2,100
2020-03-17,962,0,10
2020-03-17,963,3,15
2020-03-17,964,0,15
2020-03-17,965,0,10
2020-03-17,966,1,10
2020-03-17,967,1,200
2020-03-17,968,1,50
2020-03-17,969,1,50
2020-03-17,970,3,10
2020-03-17,971,3,10
2020-03-17,972,3,1000
2020-03-17,973,0,15
2020-03-17,974,1,15
2020-03-17,975,2,50
2020-03-17,976,0,100
2020-03-17,977,3,10
2020-03-17,978,3,10
2020-03-17,979,0,200
2020-03-17,980,1,50
2020-03-17,981,0,15
2020-03-17,982,0,15
2020-03-17,983,1,100
2020-03-17,984,3,15
2020-03-17,985,2,100
2020-03-17,986,1,200
2020-03-17,987,3,1000
2020-03-17,988,2,200
2020-03-17,989,3,1000
2020-03-17,990,0,50
2020-03-17,991,3,1000
2020-03-17,992,2,10
2020-03-17,993,1,100
2020-03-17,994,0,100
2020-03-17,995,1,10
2020-03-17,996,3,1000
2020-03-17,997,0,100
2020-03-17,998,2,200
2020-03-17,999,2,1000
2020-03-17,1000,1,10
2020-03-17,1001,1,15
2020-03-17,1002,1,10
2020-03-17,1003,1,1000
2020-03-17,1004,1,50
2020-03-17,1005,0,15
2020-03-17,1006,2,100
2020-03-17,1007,3,15
2020-03-17,1008,0,10
2020-03-17,1009,3,200
2020-03-17,1010,1,100
2020-03-17,1011,3,10
2020-03-17,1012,0,50
2020-03-17,1013,3,50
2020-03-17,1014,1,50
2020-03-17,1015,2,15
2020-03-17,1016,3,200
2020-03-17,1017,3,100
2020-03-17,1018,3,15
2020-03-17,1019,1,100
2020-03-17,1020,3,100
2020-03-17,1021,0,15
2020-03-17,1022,0,15
2020-03-17,1023,1,10
2020-03-17,1024,1,200
2020-03-17,1025,1,10
2020-03-17,1026,2,50
2020-03-17,1027,3,50
2020-03-17,1028,3,200
2020-03-17,1029,1,10
2020-03-17,1030,2,50
2020-03-17,1031,3,50
2020-03-17,1032,1,15
2020-03-17,1033,2,15
2020-03-17,1034,0,100
2020-03-17,1035,1,10
2020-03-17,1036,3,15
2020-03-17,1037,3,15
2020-03-17,1038,2,50
2020-03-17,1039,1,1000
2020-03-17,1040,1,200
2020-03-17,1041,3,100
2020-03-17,1042,1,1000
2020-03-17,1043,2,50
2020-03-17,1044,2,200
2020-03-17,1045,3,10
2020-03-17,1046,0,100
2020-03-17,1047,2,10
2020-03-17,1048,2,10
2020-03-17,1049,0,1000
2020-03-17,1050,1,1000
2020-03-17,1051,0,15
2020-03-17,1052,0,50
2020-03-17,1053,3,50
2020-03-17,1054,3,10
2020-03-17,1055,3,15
2020-03-17,1056,1,15
2020-03-17,1057,0,100
2020-03-17,1058,1,200
2020-03-17,1059,0,1000
2020-03-17,1060,1,50
2020-03-17,1061,3,50
2020-03-17,1062,0,1000
2020-03-17,1063,3,15
2020-03-17,1064,0,50
2020-03-17,1065,0,10
2020-03-17,1066,0,15
2020-03-17,1067,0,15
2020-03-17,1068,1,15
2020-03-17,1069,0,100
2020-03-17,1070,3,100
2020-03-17,1071,1,1000
2020-03-17,1072,2,50
2020-03-17,1073,1,200
2020-03-17,1074,1,200
2020-03-17,1075,3,10
2020-03-17,1076,3,1000
2020-03-17,1077,3,15
2020-03-17,1078,3,1000
2020-03-17,1079,2,10
2020-03-17,1080,0,10
2020-03-17,1081,0,1000
2020-03-17,1082,2,50
2020-03-17,1083,1,10
2020-03-17,1084,0,100
2020-03-17,1085,0,200
2020-03-17,1086,3,1000
2020-03-17,1087,3,15
2020-03-17,1088,2,100
2020-03-17,1089,2,10
2020-03-17,1090,1,1000
2020-03-17,1091,3,1000
2020-03-17,1092,3,100
2020-03-17,1093,3,100
2020-03-17,1094,1,15
2020-03-17,1095,3,100
2020-03-17,1096,2,1000
2020-03-17,1097,2,200
2020-03-17,1098,2,10
2020-03-17,1099,1,10
