2020-03-18,100,0,10
2020-03-18,101,2,50
2020-03-18,102,1,20
2020-03-18,103,3,15
2020-03-18,104,0,15
2020-03-18,105,2,20
2020-03-18,106,0,80
2020-03-18,107,1,50
2020-03-18,108,3,15
2020-03-18,109,1,90
2020-03-18,110,3,50
2020-03-18,111,0,90
2020-03-18,112,0,20
2020-03-18,113,2,20
2020-03-18,114,3,50
2020-03-18,115,0,15
2020-03-18,116,2,90
2020-03-18,117,0,80
2020-03-18,118,2,80
2020-03-18,119,1,10
2020-03-18,120,3,80
2020-03-18,121,1,80
2020-03-18,122,1,20
2020-03-18,123,3,10
2020-03-18,124,0,10
2020-03-18,125,2,90
2020-03-18,126,2,50
2020-03-18,127,1,20
2020-03-18,128,1,10
2020-03-18,129,2,50
2020-03-18,130,0,80
2020-03-18,131,1,20
2020-03-18,132,3,80
2020-03-18,133,3,80
2020-03-18,134,0,15
2020-03-18,135,1,50
2020-03-18,136,3,80
2020-03-18,137,1,10
2020-03-18,138,2,15
2020-03-18,139,2,90
2020-03-18,140,1,20
2020-03-18,141,2,15
2020-03-18,142,2,50
2020-03-18,143,2,20
2020-03-18,144,1,50
2020-03-18,145,2,10
2020-03-18,146,3,80
2020-03-18,147,3,10
2020-03-18,148,2,20
2020-03-18,149,0,10
2020-03-18,150,0,90
2020-03-18,151,1,10
2020-03-18,152,1,15
2020-03-18,153,2,50
2020-03-18,154,1,10
2020-03-18,155,3,10
2020-03-18,156,2,80
2020-03-18,157,3,20
2020-03-18,158,3,90
2020-03-18,159,0,90
2020-03-18,160,1,15
2020-03-18,161,2,10
2020-03-18,162,1,15
2020-03-18,163,3,15
2020-03-18,164,3,50
2020-03-18,165,2,20
2020-03-18,166,1,50
2020-03-18,167,1,50
2020-03-18,168,1,15
2020-03-18,169,2,10
2020-03-18,170,0,80
2020-03-18,171,2,20
2020-03-18,172,3,15
2020-03-18,173,0,15
2020-03-18,174,1,10
2020-03-18,175,3,80
2020-03-18,176,3,80
2020-03-18,177,2,90
2020-03-18,178,0,10
2020-03-18,179,1,50
2020-03-18,180,2,80
2020-03-18,181,1,80
2020-03-18,182,0,10
2020-03-18,183,3,90
2020-03-18,184,2,20
2020-03-18,185,1,10
2020-03-18,186,2,20
2020-03-18,187,0,90
2020-03-18,188,0,15
2020-03-18,189,1,10
2020-03-18,190,2,15
2020-03-18,191,2,50
2020-03-18,192,3,20
2020-03-18,193,2,50
2020-03-18,194,3,50
2020-03-18,195,3,20
2020-03-18,196,2,10
2020-03-18,197,3,80
2020-03-18,198,2,90
2020-03-18,199,1,10
2020-03-18,200,1,10
2020-03-18,201,3,50
2020-03-18,202,2,20
2020-03-18,203,0,15
2020-03-18,204,3,15
2020-03-18,205,2,10
2020-03-18,206,2,50
2020-03-18,207,2,15
2020-03-18,208,0,20
2020-03-18,209,1,50
2020-03-18,210,3,20
2020-03-18,211,2,20
2020-03-18,212,1,90
2020-03-18,213,2,80
2020-03-18,214,0,90
2020-03-18,215,3,90
2020-03-18,216,3,80
2020-03-18,217,2,80
2020-03-18,218,0,90
2020-03-18,219,2,15
2020-03-18,220,0,90
2020-03-18,221,2,50
2020-03-18,222,1,50
2020-03-18,223,2,50
2020-03-18,224,2,50
2020-03-18,225,2,80
2020-03-18,226,1,90
2020-03-18,227,2,80
2020-03-18,228,3,20
2020-03-18,229,3,15
2020-03-18,230,1,10
2020-03-18,231,3,90
2020-03-18,232,2,50
2020-03-18,233,0,20
2020-03-18,234,2,90
2020-03-18,235,2,20
2020-03-18,236,1,20
2020-03-18,237,3,10
2020-03-18,238,1,15
2020-03-18,239,0,50
2020-03-18,240,1,10
2020-03-18,241,3,20
2020-03-18,242,3,80
2020-03-18,243,3,10
2020-03-18,244,3,20
2020-03-18,245,3,80
2020-03-18,246,1,90
2020-03-18,247,0,50
2020-03-18,248,1,10
2020-03-18,249,2,20
2020-03-18,250,3,15
2020-03-18,251,0,90
2020-03-18,252,0,80
2020-03-18,253,2,80
2020-03-18,254,1,90
2020-03-18,255,3,50
2020-03-18,256,2,90
2020-03-18,257,1,10
2020-03-18,258,3,15
2020-03-18,259,1,10
2020-03-18,260,1,90
2020-03-18,261,1,90
2020-03-18,262,0,80
2020-03-18,263,0,20
2020-03-18,264,2,20
2020-03-18,265,3,50
2020-03-18,266,1,50
2020-03-18,267,0,20
2020-03-18,268,3,20
2020-03-18,269,2,90
2020-03-18,270,2,15
2020-03-18,271,1,15
2020-03-18,272,0,90
2020-03-18,273,0,80
2020-03-18,274,0,10
2020-03-18,275,2,20
2020-03-18,276,0,80
2020-03-18,277,0,20
2020-03-18,278,2,90
2020-03-18,279,0,10
2020-03-18,280,1,90
2020-03-18,281,2,80
2020-03-18,282,3,80
2020-03-18,283,3,15
2020-03-18,284,0,50
2020-03-18,285,2,20
2020-03-18,286,0,50
2020-03-18,287,2,15
2020-03-18,288,0,80
2020-03-18,289,1,80
2020-03-18,290,0,80
2020-03-18,291,3,15
2020-03-18,292,3,20
2020-03-18,293,2,10
2020-03-18,294,0,10
2020-03-18,295,0,10
2020-03-18,296,1,10
2020-03-18,297,2,20
2020-03-18,298,0,10
2020-03-18,299,2,80
2020-03-18,300,0,80
2020-03-18,301,0,90
2020-03-18,302,1,15
2020-03-18,303,3,15
2020-03-18,304,1,90
2020-03-18,305,2,15
2020-03-18,306,3,15
2020-03-18,307,0,20
2020-03-18,308,3,90
2020-03-18,309,0,10
2020-03-18,310,3,90
2020-03-18,311,0,20
2020-03-18,312,1,50
2020-03-18,313,3,10
2020-03-18,314,2,90
2020-03-18,315,0,20
2020-03-18,316,2,20
2020-03-18,317,3,15
2020-03-18,318,0,50
2020-03-18,319,3,15
2020-03-18,320,3,80
2020-03-18,321,2,10
2020-03-18,322,3,10
2020-03-18,323,2,90
2020-03-18,324,2,15
2020-03-18,325,2,15
2020-03-18,326,2,90
2020-03-18,327,0,90
2020-03-18,328,0,10
2020-03-18,329,0,15
2020-03-18,330,0,20
2020-03-18,331,3,15
2020-03-18,332,2,15
2020-03-18,333,3,90
2020-03-18,334,3,15
2020-03-18,335,2,20
2020-03-18,336,0,20
2020-03-18,337,3,10
2020-03-18,338,2,80
2020-03-18,339,1,80
2020-03-18,340,2,80
2020-03-18,341,3,20
2020-03-18,342,1,10
2020-03-18,343,2,15
2020-03-18,344,2,10
2020-03-18,345,0,20
2020-03-18,346,2,80
2020-03-18,347,3,10
2020-03-18,348,0,20
2020-03-18,349,2,90
2020-03-18,350,2,10
2020-03-18,351,0,50
2020-03-18,352,0,20
2020-03-18,353,3,20
2020-03-18,354,3,10
2020-03-18,355,0,90
2020-03-18,356,3,80
2020-03-18,357,1,15
2020-03-18,358,1,80
2020-03-18,359,2,10
2020-03-18,360,1,90
2020-03-18,361,3,20
2020-03-18,362,2,80
2020-03-18,363,3,10
2020-03-18,364,0,80
2020-03-18,365,3,80
2020-03-18,366,1,90
2020-03-18,367,3,80
2020-03-18,368,3,50
2020-03-18,369,0,20
2020-03-18,370,0,90
2020-03-18,371,2,50
2020-03-18,372,2,15
2020-03-18,373,0,20
2020-03-18,374,1,90
2020-03-18,375,3,50
2020-03-18,376,2,20
2020-03-18,377,3,50
2020-03-18,378,0,15
2020-03-18,379,1,90
2020-03-18,380,2,10
2020-03-18,381,3,50
2020-03-18,382,1,90
2020-03-18,383,1,20
2020-03-18,384,3,20
2020-03-18,385,0,15
2020-03-18,386,0,80
2020-03-18,387,2,10
2020-03-18,388,0,50
2020-03-18,389,0,15
2020-03-18,390,1,10
2020-03-18,391,0,15
2020-03-18,392,1,10
2020-03-18,393,0,90
2020-03-18,394,1,80
2020-03-18,395,0,80
2020-03-18,396,1,15
2020-03-18,397,2,50
2020-03-18,398,0,80
2020-03-18,399,1,50
2020-03-18,400,0,15
2020-03-18,401,3,80
2020-03-18,402,1,10
2020-03-18,403,0,80
2020-03-18,404,0,80
2020-03-18,405,1,10
2020-03-18,406,3,90
2020-03-18,407,1,20
2020-03-18,408,0,15
2020-03-18,409,3,90
2020-03-18,410,1,90
2020-03-18,411,1,15
2020-03-18,412,0,50
2020-03-18,413,3,15
2020-03-18,414,1,80
2020-03-18,415,0,20
2020-03-18,416,3,20
2020-03-18,417,3,10
2020-03-18,418,1,10
2020-03-18,419,1,10
2020-03-18,420,0,20
2020-03-18,421,0,50
2020-03-18,422,3,90
2020-03-18,423,3,50
2020-03-18,424,3,10
2020-03-18,425,0,20
2020-03-18,426,1,15
2020-03-18,427,2,50
2020-03-18,428,3,20
2020-03-18,429,2,10
2020-03-18,430,0,15
2020-03-18,431,1,90
2020-03-18,432,0,20
2020-03-18,433,1,10
2020-03-18,434,0,20
2020-03-18,435,3,20
2020-03-18,436,3,90
2020-03-18,437,2,10
2020-03-18,438,0,20
2020-03-18,439,3,80
2020-03-18,440,1,15
2020-03-18,441,3,20
2020-03-18,442,0,90
2020-03-18,443,0,20
2020-03-18,444,3,15
2020-03-18,445,3,15
2020-03-18,446,2,15
2020-03-18,447,0,90
2020-03-18,448,0,20
2020-03-18,449,1,15
2020-03-18,450,0,80
2020-03-18,451,2,50
2020-03-18,452,2,90
2020-03-18,453,3,20
2020-03-18,454,1,10
2020-03-18,455,3,90
2020-03-18,456,1,50
2020-03-18,457,3,50
2020-03-18,458,3,90
2020-03-18,459,0,50
2020-03-18,460,2,20
2020-03-18,461,3,10
2020-03-18,462,0,50
2020-03-18,463,2,20
2020-03-18,464,0,15
2020-03-18,465,1,90
2020-03-18,466,2,15
2020-03-18,467,0,20
2020-03-18,468,1,80
2020-03-18,469,2,80
2020-03-18,470,0,15
2020-03-18,471,3,80
2020-03-18,472,3,10
2020-03-18,473,2,90
2020-03-18,474,0,10
2020-03-18,475,0,50
2020-03-18,476,3,15
2020-03-18,477,1,15
2020-03-18,478,1,15
2020-03-18,479,3,80
2020-03-18,480,2,80
2020-03-18,481,0,90
2020-03-18,482,1,10
2020-03-18,483,3,80
2020-03-18,484,1,20
2020-03-18,485,3,20
2020-03-18,486,1,80
2020-03-18,487,2,90
2020-03-18,488,0,90
2020-03-18,489,3,20
2020-03-18,490,2,80
2020-03-18,491,3,10
2020-03-18,492,3,90
2020-03-18,493,0,15
2020-03-18,494,3,20
2020-03-18,495,0,50
2020-03-18,496,3,90
2020-03-18,497,0,80
2020-03-18,498,2,80
2020-03-18,499,0,90
2020-03-18,500,3,90
2020-03-18,501,3,15
2020-03-18,502,0,15
2020-03-18,503,2,10
2020-03-18,504,3,15
2020-03-18,505,1,20
2020-03-18,506,3,80
2020-03-18,507,1,90
2020-03-18,508,2,90
2020-03-18,509,2,15
2020-03-18,510,2,90
2020-03-18,511,1,80
2020-03-18,512,3,90
2020-03-18,513,0,50
2020-03-18,514,2,90
2020-03-18,515,1,80
2020-03-18,516,3,50
2020-03-18,517,1,90
2020-03-18,518,3,80
2020-03-18,519,2,50
2020-03-18,520,0,15
2020-03-18,521,3,90
2020-03-18,522,2,90
2020-03-18,523,1,50
2020-03-18,524,2,20
2020-03-18,525,1,10
2020-03-18,526,2,90
2020-03-18,527,0,20
2020-03-18,528,3,10
2020-03-18,529,2,50
2020-03-18,530,0,20
2020-03-18,531,3,10
2020-03-18,532,3,50
2020-03-18,533,2,90
2020-03-18,534,1,50
2020-03-18,535,1,50
2020-03-18,536,0,50
2020-03-18,537,1,10
2020-03-18,538,3,50
2020-03-18,539,1,90
2020-03-18,540,2,20
2020-03-18,541,1,10
2020-03-18,542,1,10
2020-03-18,543,3,90
2020-03-18,544,2,50
2020-03-18,545,2,10
2020-03-18,546,2,50
2020-03-18,547,0,80
2020-03-18,548,0,15
2020-03-18,549,2,90
2020-03-18,550,1,50
2020-03-18,551,0,20
2020-03-18,552,3,10
2020-03-18,553,2,10
2020-03-18,554,2,50
2020-03-18,555,3,20
2020-03-18,556,3,50
2020-03-18,557,3,50
2020-03-18,558,2,20
2020-03-18,559,2,20
2020-03-18,560,0,10
2020-03-18,561,3,10
2020-03-18,562,3,80
2020-03-18,563,1,90
2020-03-18,564,3,20
2020-03-18,565,1,20
2020-03-18,566,3,90
2020-03-18,567,2,90
2020-03-18,568,3,20
2020-03-18,569,2,15
2020-03-18,570,3,15
2020-03-18,571,3,20
2020-03-18,572,1,90
2020-03-18,573,0,20
2020-03-18,574,2,15
2020-03-18,575,1,10
2020-03-18,576,0,90
2020-03-18,577,1,20
2020-03-18,578,1,15
2020-03-18,579,2,20
2020-03-18,580,1,80
2020-03-18,581,1,15
2020-03-18,582,2,20
2020-03-18,583,2,50
2020-03-18,584,3,10
2020-03-18,585,2,20
2020-03-18,586,2,15
2020-03-18,587,0,90
2020-03-18,588,2,90
2020-03-18,589,0,15
2020-03-18,590,2,50
2020-03-18,591,1,90
2020-03-18,592,1,20
2020-03-18,593,3,90
2020-03-18,594,2,50
2020-03-18,595,2,80
2020-03-18,596,2,10
2020-03-18,597,1,50
2020-03-18,598,3,90
2020-03-18,599,2,50
2020-03-18,600,1,90
2020-03-18,601,3,20
2020-03-18,602,0,80
2020-03-18,603,1,80
2020-03-18,604,1,10
2020-03-18,605,1,80
2020-03-18,606,1,80
2020-03-18,607,0,20
2020-03-18,608,1,15
2020-03-18,609,0,90
2020-03-18,610,1,90
2020-03-18,611,2,20
2020-03-18,612,1,20
2020-03-18,613,3,15
2020-03-18,614,1,90
2020-03-18,615,0,50
2020-03-18,616,0,90
2020-03-18,617,3,10
2020-03-18,618,3,80
2020-03-18,619,1,10
2020-03-18,620,1,50
2020-03-18,621,1,50
2020-03-18,622,0,50
2020-03-18,623,0,90
2020-03-18,624,3,20
2020-03-18,625,2,90
2020-03-18,626,2,80
2020-03-18,627,0,80
2020-03-18,628,1,10
2020-03-18,629,1,50
2020-03-18,630,2,15
2020-03-18,631,2,90
2020-03-18,632,1,10
2020-03-18,633,1,20
2020-03-18,634,3,50
2020-03-18,635,2,50
2020-03-18,636,3,90
2020-03-18,637,1,10
2020-03-18,638,1,80
2020-03-18,639,2,15
2020-03-18,640,2,15
2020-03-18,641,3,15
2020-03-18,642,3,90
2020-03-18,643,2,15
2020-03-18,644,0,20
2020-03-18,645,1,10
2020-03-18,646,3,50
2020-03-18,647,1,50
2020-03-18,648,3,20
2020-03-18,649,3,80
2020-03-18,650,1,20
2020-03-18,651,1,10
2020-03-18,652,0,80
2020-03-18,653,1,10
2020-03-18,654,3,20
2020-03-18,655,3,80
2020-03-18,656,0,15
2020-03-18,657,0,15
2020-03-18,658,0,20
2020-03-18,659,2,80
2020-03-18,660,1,90
2020-03-18,661,2,10
2020-03-18,662,1,20
2020-03-18,663,0,90
2020-03-18,664,2,20
2020-03-18,665,2,15
2020-03-18,666,1,10
2020-03-18,667,2,50
2020-03-18,668,0,10
2020-03-18,669,1,80
2020-03-18,670,2,20
2020-03-18,671,2,10
2020-03-18,672,3,50
2020-03-18,673,1,15
2020-03-18,674,1,15
2020-03-18,675,0,10
2020-03-18,676,2,20
2020-03-18,677,1,90
2020-03-18,678,2,80
2020-03-18,679,0,90
2020-03-18,680,1,15
2020-03-18,681,1,15
2020-03-18,682,3,10
2020-03-18,683,0,50
2020-03-18,684,3,20
2020-03-18,685,2,80
2020-03-18,686,3,90
2020-03-18,687,1,10
2020-03-18,688,3,50
2020-03-18,689,2,80
2020-03-18,690,0,90
2020-03-18,691,3,80
2020-03-18,692,2,90
2020-03-18,693,2,15
2020-03-18,694,1,50
2020-03-18,695,1,80
2020-03-18,696,0,90
2020-03-18,697,3,50
2020-03-18,698,3,50
2020-03-18,699,1,20
2020-03-18,700,2,15
2020-03-18,701,1,20
2020-03-18,702,2,15
2020-03-18,703,1,50
2020-03-18,704,3,50
2020-03-18,705,2,15
2020-03-18,706,0,20
2020-03-18,707,2,15
2020-03-18,708,0,50
2020-03-18,709,3,90
2020-03-18,710,3,20
2020-03-18,711,2,80
2020-03-18,712,2,80
2020-03-18,713,2,90
2020-03-18,714,1,20
2020-03-18,715,1,15
2020-03-18,716,0,20
2020-03-18,717,0,10
2020-03-18,718,0,90
2020-03-18,719,2,50
2020-03-18,720,0,20
2020-03-18,721,3,50
2020-03-18,722,1,90
2020-03-18,723,3,50
2020-03-18,724,2,10
2020-03-18,725,0,10
2020-03-18,726,1,10
2020-03-18,727,0,50
2020-03-18,728,1,90
2020-03-18,729,0,15
2020-03-18,730,0,10
2020-03-18,731,2,15
2020-03-18,732,1,20
2020-03-18,733,0,50
2020-03-18,734,2,80
2020-03-18,735,0,10
2020-03-18,736,2,20
2020-03-18,737,0,80
2020-03-18,738,3,15
2020-03-18,739,3,20
2020-03-18,740,0,15
2020-03-18,741,0,20
2020-03-18,742,0,10
2020-03-18,743,2,20
2020-03-18,744,3,90
2020-03-18,745,0,90
2020-03-18,746,2,20
2020-03-18,747,0,50
2020-03-18,748,3,90
2020-03-18,749,3,15
2020-03-18,750,1,10
2020-03-18,751,0,10
2020-03-18,752,0,10
2020-03-18,753,0,90
2020-03-18,754,3,20
2020-03-18,755,0,15
2020-03-18,756,2,15
2020-03-18,757,1,10
2020-03-18,758,1,10
2020-03-18,759,3,10
2020-03-18,760,0,90
2020-03-18,761,3,90
2020-03-18,762,1,80
2020-03-18,763,2,10
2020-03-18,764,2,90
2020-03-18,765,0,80
2020-03-18,766,3,10
2020-03-18,767,1,80
2020-03-18,768,3,10
2020-03-18,769,2,50
2020-03-18,770,0,50
2020-03-18,771,0,50
2020-03-18,772,1,50
2020-03-18,773,1,10
2020-03-18,774,3,50
2020-03-18,775,0,15
2020-03-18,776,2,50
2020-03-18,777,2,15
2020-03-18,778,2,15
2020-03-18,779,1,10
2020-03-18,780,2,50
2020-03-18,781,3,20
2020-03-18,782,2,15
2020-03-18,783,0,50
2020-03-18,784,3,50
2020-03-18,785,2,90
2020-03-18,786,1,90
2020-03-18,787,2,10
2020-03-18,788,0,20
2020-03-18,789,1,20
2020-03-18,790,2,20
2020-03-18,791,1,10
2020-03-18,792,1,20
2020-03-18,793,3,90
2020-03-18,794,3,15
2020-03-18,795,1,80
2020-03-18,796,0,15
2020-03-18,797,1,90
2020-03-18,798,0,15
2020-03-18,799,0,20
2020-03-18,800,3,10
2020-03-18,801,3,15
2020-03-18,802,3,15
2020-03-18,803,2,20
2020-03-18,804,1,20
2020-03-18,805,3,20
2020-03-18,806,3,80
2020-03-18,807,1,15
2020-03-18,808,2,20
2020-03-18,809,1,20
2020-03-18,810,1,10
2020-03-18,811,0,15
2020-03-18,812,3,20
2020-03-18,813,2,10
2020-03-18,814,2,50
2020-03-18,815,0,10
2020-03-18,816,3,20
2020-03-18,817,0,90
2020-03-18,818,0,90
2020-03-18,819,3,20
2020-03-18,820,1,90
2020-03-18,821,0,90
2020-03-18,822,0,50
2020-03-18,823,0,90
2020-03-18,824,2,10
2020-03-18,825,3,90
2020-03-18,826,3,90
2020-03-18,827,1,20
2020-03-18,828,2,90
2020-03-18,829,3,50
2020-03-18,830,3,50
2020-03-18,831,2,10
2020-03-18,832,0,50
2020-03-18,833,1,10
2020-03-18,834,2,90
2020-03-18,835,0,50
2020-03-18,836,2,50
2020-03-18,837,3,50
2020-03-18,838,3,20
2020-03-18,839,2,80
2020-03-18,840,0,80
2020-03-18,841,2,90
2020-03-18,842,2,20
2020-03-18,843,3,15
2020-03-18,844,3,50
2020-03-18,845,0,90
2020-03-18,846,3,10
2020-03-18,847,0,50
2020-03-18,848,0,50
2020-03-18,849,1,80
2020-03-18,850,2,10
2020-03-18,851,1,90
2020-03-18,852,1,80
2020-03-18,853,1,15
2020-03-18,854,3,20
2020-03-18,855,3,50
2020-03-18,856,3,15
2020-03-18,857,1,80
2020-03-18,858,1,20
2020-03-18,859,2,50
2020-03-18,860,1,20
2020-03-18,861,0,15
2020-03-18,862,0,15
2020-03-18,863,1,15
2020-03-18,864,1,20
2020-03-18,865,3,15
2020-03-18,866,0,20
2020-03-18,867,3,90
2020-03-18,868,1,20
2020-03-18,869,0,50
2020-03-18,870,3,90
2020-03-18,871,3,20
2020-03-18,872,2,50
2020-03-18,873,1,80
2020-03-18,874,2,10
2020-03-18,875,0,90
2020-03-18,876,0,90
2020-03-18,877,1,90
2020-03-18,878,3,90
2020-03-18,879,3,15
2020-03-18,880,2,10
2020-03-18,881,1,50
2020-03-18,882,0,15
2020-03-18,883,0,50
2020-03-18,884,0,10
2020-03-18,885,3,20
2020-03-18,886,0,20
2020-03-18,887,2,90
2020-03-18,888,0,80
2020-03-18,889,1,90
2020-03-18,890,1,90
2020-03-18,891,3,10
2020-03-18,892,0,50
2020-03-18,893,0,90
2020-03-18,894,1,50
2020-03-18,895,2,50
2020-03-18,896,2,20
2020-03-18,897,0,15
2020-03-18,898,1,80
2020-03-18,899,0,15
2020-03-18,900,3,10
2020-03-18,901,1,10
2020-03-18,902,1,20
2020-03-18,903,3,20
2020-03-18,904,0,80
2020-03-18,905,1,20
2020-03-18,906,0,20
2020-03-18,907,2,90
2020-03-18,908,1,90
2020-03-18,909,2,80
2020-03-18,910,1,50
2020-03-18,911,1,50
2020-03-18,912,3,80
2020-03-18,913,3,90
2020-03-18,914,3,50
2020-03-18,915,0,10
2020-03-18,916,0,80
2020-03-18,917,1,80
2020-03-18,918,1,10
2020-03-18,919,1,15
2020-03-18,920,1,80
2020-03-18,921,3,90
2020-03-18,922,3,10
2020-03-18,923,0,50
2020-03-18,924,0,10
2020-03-18,925,0,20
2020-03-18,926,2,15
2020-03-18,927,1,20
2020-03-18,928,1,50
2020-03-18,929,3,15
2020-03-18,930,2,20
2020-03-18,931,0,80
2020-03-18,932,2,20
2020-03-18,933,0,15
2020-03-18,934,2,15
2020-03-18,935,0,20
2020-03-18,936,2,15
2020-03-18,937,2,10
2020-03-18,938,3,50
2020-03-18,939,1,10
2020-03-18,940,2,20
2020-03-18,941,1,50
2020-03-18,942,1,50
2020-03-18,943,1,50
2020-03-18,944,3,80
2020-03-18,945,3,15
2020-03-18,946,3,15
2020-03-18,947,0,20
2020-03-18,948,1,10
2020-03-18,949,3,10
2020-03-18,950,2,20
2020-03-18,951,0,20
2020-03-18,952,1,10
2020-03-18,953,2,20
2020-03-18,954,2,10
2020-03-18,955,0,15
2020-03-18,956,1,10
2020-03-18,957,1,50
2020-03-18,958,2,50
2020-03-18,959,2,15
2020-03-18,960,0,80
2020-03-18,961,3,15
2020-03-18,962,1,90
2020-03-18,963,3,10
2020-03-18,964,2,10
2020-03-18,965,0,80
2020-03-18,966,1,20
2020-03-18,967,0,90
2020-03-18,968,0,80
2020-03-18,969,1,10
2020-03-18,970,0,50
2020-03-18,971,0,50
2020-03-18,972,1,80
2020-03-18,973,0,90
2020-03-18,974,1,80
2020-03-18,975,0,90
2020-03-18,976,0,90
2020-03-18,977,1,50
2020-03-18,978,3,80
2020-03-18,979,2,90
2020-03-18,980,2,20
2020-03-18,981,1,10
2020-03-18,982,1,10
2020-03-18,983,2,50
2020-03-18,984,3,10
2020-03-18,985,3,90
2020-03-18,986,2,10
2020-03-18,987,3,20
2020-03-18,988,3,15
2020-03-18,989,0,50
2020-03-18,990,3,20
2020-03-18,991,0,10
2020-03-18,992,0,15
2020-03-18,993,1,80
2020-03-18,994,2,90
2020-03-18,995,2,20
2020-03-18,996,2,90
2020-03-18,997,1,20
2020-03-18,998,2,90
2020-03-18,999,2,15
2020-03-18,1000,2,10
2020-03-18,1001,3,90
2020-03-18,1002,2,80
2020-03-18,1003,2,10
2020-03-18,1004,0,10
2020-03-18,1005,3,10
2020-03-18,1006,1,90
2020-03-18,1007,3,10
2020-03-18,1008,2,15
2020-03-18,1009,2,50
2020-03-18,1010,2,20
2020-03-18,1011,2,10
2020-03-18,1012,1,50
2020-03-18,1013,0,90
2020-03-18,1014,1,20
2020-03-18,1015,3,90
2020-03-18,1016,2,50
2020-03-18,1017,0,15
2020-03-18,1018,0,50
2020-03-18,1019,2,90
2020-03-18,1020,2,15
2020-03-18,1021,2,80
2020-03-18,1022,1,20
2020-03-18,1023,2,80
2020-03-18,1024,3,80
2020-03-18,1025,3,10
2020-03-18,1026,3,90
2020-03-18,1027,3,50
2020-03-18,1028,1,90
2020-03-18,1029,2,15
2020-03-18,1030,0,50
2020-03-18,1031,0,50
2020-03-18,1032,0,15
2020-03-18,1033,3,10
2020-03-18,1034,3,15
2020-03-18,1035,1,90
2020-03-18,1036,2,80
2020-03-18,1037,2,50
2020-03-18,1038,2,10
2020-03-18,1039,2,15
2020-03-18,1040,2,80
2020-03-18,1041,0,90
2020-03-18,1042,3,15
2020-03-18,1043,1,15
2020-03-18,1044,1,80
2020-03-18,1045,1,50
2020-03-18,1046,2,90
2020-03-18,1047,1,50
2020-03-18,1048,1,15
2020-03-18,1049,2,20
2020-03-18,1050,1,15
2020-03-18,1051,2,90
2020-03-18,1052,1,50
2020-03-18,1053,3,80
2020-03-18,1054,0,15
2020-03-18,1055,2,20
2020-03-18,1056,3,15
2020-03-18,1057,3,90
2020-03-18,1058,1,50
2020-03-18,1059,0,20
2020-03-18,1060,0,15
2020-03-18,1061,2,15
2020-03-18,1062,0,80
2020-03-18,1063,1,50
2020-03-18,1064,2,20
2020-03-18,1065,3,80
2020-03-18,1066,1,15
2020-03-18,1067,1,10
2020-03-18,1068,3,80
2020-03-18,1069,1,80
2020-03-18,1070,0,80
2020-03-18,1071,3,20
2020-03-18,1072,1,10
2020-03-18,1073,0,20
2020-03-18,1074,1,90
2020-03-18,1075,2,90
2020-03-18,1076,2,90
2020-03-18,1077,3,80
2020-03-18,1078,3,80
2020-03-18,1079,0,80
2020-03-18,1080,2,20
2020-03-18,1081,1,50
2020-03-18,1082,0,20
2020-03-18,1083,3,15
2020-03-18,1084,2,50
2020-03-18,1085,3,20
2020-03-18,1086,2,20
2020-03-18,1087,0,50
2020-03-18,1088,3,15
2020-03-18,1089,2,50
2020-03-18,1090,3,15
2020-03-18,1091,2,15
2020-03-18,1092,0,20
2020-03-18,1093,3,15
2020-03-18,1094,3,80
2020-03-18,1095,1,90
2020-03-18,1096,2,15
2020-03-18,1097,3,80
2020-03-18,1098,3,15
2020-03-18,1099,2,50
