2020-03-11,100,0,90
2020-03-11,101,2,15
2020-03-11,102,3,10
2020-03-11,103,0,80
2020-03-11,104,0,15
2020-03-11,105,3,15
2020-03-11,106,1,90
2020-03-11,107,3,90
2020-03-11,108,0,10
2020-03-11,109,3,90
2020-03-11,110,1,50
2020-03-11,111,3,10
2020-03-11,112,3,80
2020-03-11,113,0,50
2020-03-11,114,0,20
2020-03-11,115,3,15
2020-03-11,116,1,10
2020-03-11,117,1,10
2020-03-11,118,0,20
2020-03-11,119,0,90
2020-03-11,120,1,50
2020-03-11,121,3,50
2020-03-11,122,1,10
2020-03-11,123,1,20
2020-03-11,124,2,50
2020-03-11,125,1,80
2020-03-11,126,1,15
2020-03-11,127,3,10
2020-03-11,128,2,50
2020-03-11,129,3,90
2020-03-11,130,2,20
2020-03-11,131,2,10
2020-03-11,132,0,15
2020-03-11,133,1,20
2020-03-11,134,3,10
2020-03-11,135,2,90
2020-03-11,136,0,90
2020-03-11,137,0,50
2020-03-11,138,0,80
2020-03-11,139,0,90
2020-03-11,140,1,15
2020-03-11,141,2,20
2020-03-11,142,2,90
2020-03-11,143,1,90
2020-03-11,144,0,90
2020-03-11,145,0,15
2020-03-11,146,2,15
2020-03-11,147,0,20
2020-03-11,148,0,50
2020-03-11,149,3,80
2020-03-11,150,0,10
2020-03-11,151,3,80
2020-03-11,152,1,90
2020-03-11,153,1,50
2020-03-11,154,2,15
2020-03-11,155,2,10
2020-03-11,156,1,20
2020-03-11,157,3,15
2020-03-11,158,3,80
2020-03-11,159,2,15
2020-03-11,160,2,20
2020-03-11,161,1,80
2020-03-11,162,0,15
2020-03-11,163,2,20
2020-03-11,164,2,10
2020-03-11,165,1,50
2020-03-11,166,1,10
2020-03-11,167,0,80
2020-03-11,168,2,90
2020-03-11,169,0,50
2020-03-11,170,0,20
2020-03-11,171,2,50
2020-03-11,172,0,90
2020-03-11,173,3,80
2020-03-11,174,3,20
2020-03-11,175,0,80
2020-03-11,176,1,20
2020-03-11,177,0,80
2020-03-11,178,3,90
2020-03-11,179,2,15
2020-03-11,180,1,50
2020-03-11,181,2,50
2020-03-11,182,0,15
2020-03-11,183,1,80
2020-03-11,184,2,50
2020-03-11,185,0,90
2020-03-11,186,0,10
2020-03-11,187,1,10
2020-03-11,188,2,20
2020-03-11,189,1,15
2020-03-11,190,1,15
2020-03-11,191,2,15
2020-03-11,192,2,90
2020-03-11,193,2,90
2020-03-11,194,3,20
2020-03-11,195,0,15
2020-03-11,196,1,90
2020-03-11,197,1,15
2020-03-11,198,2,50
2020-03-11,199,2,10
2020-03-11,200,0,90
2020-03-11,201,1,80
2020-03-11,202,2,10
2020-03-11,203,1,15
2020-03-11,204,1,15
2020-03-11,205,0,15
2020-03-11,206,3,20
2020-03-11,207,0,80
2020-03-11,208,3,50
2020-03-11,209,2,15
2020-03-11,210,0,50
2020-03-11,211,1,20
2020-03-11,212,3,90
2020-03-11,213,2,50
2020-03-11,214,2,15
2020-03-11,215,3,50
2020-03-11,216,3,50
2020-03-11,217,0,90
2020-03-11,218,2,20
2020-03-11,219,3,50
2020-03-11,220,1,80
2020-03-11,221,3,90
2020-03-11,222,0,90
2020-03-11,223,1,20
2020-03-11,224,0,50
2020-03-11,225,3,90
2020-03-11,226,2,90
2020-03-11,227,2,50
2020-03-11,228,3,20
2020-03-11,229,0,20
2020-03-11,230,0,50
2020-03-11,231,3,15
2020-03-11,232,0,10
2020-03-11,233,2,50
2020-03-11,234,2,80
2020-03-11,235,2,80
2020-03-11,236,3,15
2020-03-11,237,3,80
2020-03-11,238,3,10
2020-03-11,239,2,15
2020-03-11,240,0,90
2020-03-11,241,1,90
2020-03-11,242,0,10
2020-03-11,243,0,50
2020-03-11,244,0,10
2020-03-11,245,2,10
2020-03-11,246,1,20
2020-03-11,247,0,80
2020-03-11,248,0,80
2020-03-11,249,2,50
2020-03-11,250,1,80
2020-03-11,251,0,15
2020-03-11,252,3,10
2020-03-11,253,0,90
2020-03-11,254,2,20
2020-03-11,255,1,20
2020-03-11,256,0,15
2020-03-11,257,3,20
2020-03-11,258,0,50
2020-03-11,259,1,20
2020-03-11,260,1,15
2020-03-11,261,1,90
2020-03-11,262,3,50
2020-03-11,263,2,90
2020-03-11,264,2,20
2020-03-11,265,0,10
2020-03-11,266,0,15
2020-03-11,267,2,90
2020-03-11,268,3,15
2020-03-11,269,1,80
2020-03-11,270,2,80
2020-03-11,271,3,90
2020-03-11,272,0,15
2020-03-11,273,1,50
2020-03-11,274,3,15
2020-03-11,275,1,20
2020-03-11,276,3,50
2020-03-11,277,3,15
2020-03-11,278,3,15
2020-03-11,279,0,80
2020-03-11,280,1,90
2020-03-11,281,2,10
2020-03-11,282,3,80
2020-03-11,283,1,90
2020-03-11,284,2,20
2020-03-11,285,1,90
2020-03-11,286,1,80
2020-03-11,287,0,80
2020-03-11,288,2,80
2020-03-11,289,0,50
2020-03-11,290,1,90
2020-03-11,291,1,10
2020-03-11,292,0,20
2020-03-11,293,3,10
2020-03-11,294,1,50
2020-03-11,295,0,15
2020-03-11,296,1,80
2020-03-11,297,1,80
2020-03-11,298,2,90
2020-03-11,299,3,10
2020-03-11,300,0,80
2020-03-11,301,1,80
2020-03-11,302,1,50
2020-03-11,303,0,10
2020-03-11,304,0,15
2020-03-11,305,1,90
2020-03-11,306,1,15
2020-03-11,307,0,80
2020-03-11,308,0,90
2020-03-11,309,0,10
2020-03-11,310,2,80
2020-03-11,311,1,90
2020-03-11,312,2,90
2020-03-11,313,2,90
2020-03-11,314,3,80
2020-03-11,315,3,15
2020-03-11,316,0,90
2020-03-11,317,2,15
2020-03-11,318,3,15
2020-03-11,319,0,20
2020-03-11,320,2,50
2020-03-11,321,1,50
2020-03-11,322,0,80
2020-03-11,323,2,50
2020-03-11,324,0,10
2020-03-11,325,3,80
2020-03-11,326,2,80
2020-03-11,327,1,10
2020-03-11,328,2,50
2020-03-11,329,1,50
2020-03-11,330,0,10
2020-03-11,331,3,50
2020-03-11,332,0,90
2020-03-11,333,1,80
2020-03-11,334,3,50
2020-03-11,335,0,10
2020-03-11,336,3,80
2020-03-11,337,3,80
2020-03-11,338,1,15
2020-03-11,339,1,90
2020-03-11,340,2,90
2020-03-11,341,0,50
2020-03-11,342,2,15
2020-03-11,343,3,15
2020-03-11,344,1,50
2020-03-11,345,2,20
2020-03-11,346,2,10
2020-03-11,347,0,15
2020-03-11,348,3,20
2020-03-11,349,2,15
2020-03-11,350,0,50
2020-03-11,351,0,50
2020-03-11,352,1,15
2020-03-11,353,3,20
2020-03-11,354,3,15
2020-03-11,355,0,10
2020-03-11,356,0,20
2020-03-11,357,0,90
2020-03-11,358,3,20
2020-03-11,359,3,20
2020-03-11,360,2,20
2020-03-11,361,3,20
2020-03-11,362,3,15
2020-03-11,363,1,10
2020-03-11,364,3,20
2020-03-11,365,0,50
2020-03-11,366,3,50
2020-03-11,367,0,10
2020-03-11,368,0,80
2020-03-11,369,2,80
2020-03-11,370,2,80
2020-03-11,371,1,15
2020-03-11,372,0,80
2020-03-11,373,2,15
2020-03-11,374,0,20
2020-03-11,375,1,15
2020-03-11,376,3,15
2020-03-11,377,3,50
2020-03-11,378,0,10
2020-03-11,379,1,15
2020-03-11,380,2,10
2020-03-11,381,1,20
2020-03-11,382,3,10
2020-03-11,383,1,50
2020-03-11,384,0,10
2020-03-11,385,3,20
2020-03-11,386,1,90
2020-03-11,387,1,90
2020-03-11,388,2,20
2020-03-11,389,0,90
2020-03-11,390,1,15
2020-03-11,391,1,10
2020-03-11,392,0,15
2020-03-11,393,3,15
2020-03-11,394,0,50
2020-03-11,395,1,50
2020-03-11,396,1,15
2020-03-11,397,2,90
2020-03-11,398,3,15
2020-03-11,399,1,20
2020-03-11,400,3,50
2020-03-11,401,3,20
2020-03-11,402,2,10
2020-03-11,403,2,90
2020-03-11,404,1,90
2020-03-11,405,0,20
2020-03-11,406,2,20
2020-03-11,407,2,90
2020-03-11,408,0,50
2020-03-11,409,2,15
2020-03-11,410,0,10
2020-03-11,411,2,90
2020-03-11,412,2,15
2020-03-11,413,1,80
2020-03-11,414,1,50
2020-03-11,415,1,50
2020-03-11,416,2,80
2020-03-11,417,1,50
2020-03-11,418,2,10
2020-03-11,419,2,50
2020-03-11,420,1,50
2020-03-11,421,0,90
2020-03-11,422,3,50
2020-03-11,423,0,20
2020-03-11,424,3,20
2020-03-11,425,3,15
2020-03-11,426,0,15
2020-03-11,427,0,20
2020-03-11,428,3,90
2020-03-11,429,0,10
2020-03-11,430,1,20
2020-03-11,431,3,10
2020-03-11,432,2,90
2020-03-11,433,3,10
2020-03-11,434,0,50
2020-03-11,435,1,80
2020-03-11,436,1,20
2020-03-11,437,0,90
2020-03-11,438,3,20
2020-03-11,439,1,15
2020-03-11,440,2,50
2020-03-11,441,3,50
2020-03-11,442,1,10
2020-03-11,443,3,80
2020-03-11,444,3,90
2020-03-11,445,0,10
2020-03-11,446,3,10
2020-03-11,447,3,20
2020-03-11,448,3,10
2020-03-11,449,3,15
2020-03-11,450,0,20
2020-03-11,451,3,15
2020-03-11,452,3,80
2020-03-11,453,3,15
2020-03-11,454,3,80
2020-03-11,455,2,50
2020-03-11,456,3,20
2020-03-11,457,2,15
2020-03-11,458,0,50
2020-03-11,459,2,20
2020-03-11,460,2,50
2020-03-11,461,1,20
2020-03-11,462,2,10
2020-03-11,463,3,10
2020-03-11,464,3,90
2020-03-11,465,1,90
2020-03-11,466,0,10
2020-03-11,467,0,90
2020-03-11,468,0,10
2020-03-11,469,1,20
2020-03-11,470,0,80
2020-03-11,471,2,80
2020-03-11,472,3,50
2020-03-11,473,0,15
2020-03-11,474,0,20
2020-03-11,475,2,15
2020-03-11,476,3,10
2020-03-11,477,0,80
2020-03-11,478,2,80
2020-03-11,479,1,80
2020-03-11,480,1,90
2020-03-11,481,1,50
2020-03-11,482,1,50
2020-03-11,483,3,20
2020-03-11,484,2,50
2020-03-11,485,1,80
2020-03-11,486,0,50
2020-03-11,487,2,90
2020-03-11,488,3,80
2020-03-11,489,1,90
2020-03-11,490,0,80
2020-03-11,491,0,10
2020-03-11,492,0,15
2020-03-11,493,1,50
2020-03-11,494,3,15
2020-03-11,495,2,15
2020-03-11,496,0,80
2020-03-11,497,3,80
2020-03-11,498,0,80
2020-03-11,499,2,80
2020-03-11,500,3,15
2020-03-11,501,2,20
2020-03-11,502,3,90
2020-03-11,503,2,80
2020-03-11,504,3,80
2020-03-11,505,2,90
2020-03-11,506,0,80
2020-03-11,507,1,50
2020-03-11,508,0,50
2020-03-11,509,1,50
2020-03-11,510,3,80
2020-03-11,511,3,80
2020-03-11,512,2,15
2020-03-11,513,0,90
2020-03-11,514,3,80
2020-03-11,515,0,10
2020-03-11,516,1,80
2020-03-11,517,1,10
2020-03-11,518,2,15
2020-03-11,519,3,90
2020-03-11,520,0,10
2020-03-11,521,2,80
2020-03-11,522,0,50
2020-03-11,523,1,15
2020-03-11,524,1,10
2020-03-11,525,2,90
2020-03-11,526,2,10
2020-03-11,527,3,50
2020-03-11,528,3,20
2020-03-11,529,3,15
2020-03-11,530,2,50
2020-03-11,531,1,90
2020-03-11,532,0,90
2020-03-11,533,0,50
2020-03-11,534,0,90
2020-03-11,535,0,50
2020-03-11,536,3,90
2020-03-11,537,0,10
2020-03-11,538,1,20
2020-03-11,539,1,90
2020-03-11,540,3,15
2020-03-11,541,1,10
2020-03-11,542,3,15
2020-03-11,543,2,90
2020-03-11,544,3,80
2020-03-11,545,3,10
2020-03-11,546,3,15
2020-03-11,547,3,80
2020-03-11,548,0,80
2020-03-11,549,1,80
2020-03-11,550,1,10
2020-03-11,551,3,20
2020-03-11,552,3,20
2020-03-11,553,3,50
2020-03-11,554,2,10
2020-03-11,555,3,20
2020-03-11,556,1,10
2020-03-11,557,3,15
2020-03-11,558,3,15
2020-03-11,559,3,10
2020-03-11,560,2,10
2020-03-11,561,1,20
2020-03-11,562,0,50
2020-03-11,563,2,90
2020-03-11,564,0,15
2020-03-11,565,0,10
2020-03-11,566,1,15
2020-03-11,567,3,10
2020-03-11,568,3,90
2020-03-11,569,2,50
2020-03-11,570,1,80
2020-03-11,571,0,90
2020-03-11,572,2,50
2020-03-11,573,2,10
2020-03-11,574,3,50
2020-03-11,575,3,90
2020-03-11,576,0,90
2020-03-11,577,2,90
2020-03-11,578,2,80
2020-03-11,579,2,20
2020-03-11,580,1,15
2020-03-11,581,1,80
2020-03-11,582,3,80
2020-03-11,583,2,90
2020-03-11,584,3,20
2020-03-11,585,3,15
2020-03-11,586,0,80
2020-03-11,587,2,10
2020-03-11,588,0,80
2020-03-11,589,3,10
2020-03-11,590,3,10
2020-03-11,591,2,20
2020-03-11,592,0,20
2020-03-11,593,1,90
2020-03-11,594,3,15
2020-03-11,595,1,80
2020-03-11,596,3,50
2020-03-11,597,2,90
2020-03-11,598,2,90
2020-03-11,599,1,10
2020-03-11,600,0,90
2020-03-11,601,1,90
2020-03-11,602,2,20
2020-03-11,603,3,90
2020-03-11,604,0,80
2020-03-11,605,0,90
2020-03-11,606,3,10
2020-03-11,607,0,50
2020-03-11,608,1,80
2020-03-11,609,0,15
2020-03-11,610,3,20
2020-03-11,611,2,90
2020-03-11,612,1,90
2020-03-11,613,0,50
2020-03-11,614,1,15
2020-03-11,615,3,80
2020-03-11,616,2,20
2020-03-11,617,2,90
2020-03-11,618,1,10
2020-03-11,619,3,90
2020-03-11,620,2,15
2020-03-11,621,1,15
2020-03-11,622,3,10
2020-03-11,623,1,90
2020-03-11,624,3,15
2020-03-11,625,2,10
2020-03-11,626,1,80
2020-03-11,627,2,10
2020-03-11,628,3,20
2020-03-11,629,1,20
2020-03-11,630,3,10
2020-03-11,631,0,20
2020-03-11,632,0,20
2020-03-11,633,3,90
2020-03-11,634,1,10
2020-03-11,635,2,20
2020-03-11,636,1,20
2020-03-11,637,2,50
2020-03-11,638,1,50
2020-03-11,639,3,90
2020-03-11,640,0,90
2020-03-11,641,2,90
2020-03-11,642,2,10
2020-03-11,643,3,50
2020-03-11,644,1,80
2020-03-11,645,0,90
2020-03-11,646,0,20
2020-03-11,647,1,10
2020-03-11,648,2,50
2020-03-11,649,0,15
2020-03-11,650,1,10
2020-03-11,651,1,20
2020-03-11,652,3,15
2020-03-11,653,3,50
2020-03-11,654,3,90
2020-03-11,655,1,10
2020-03-11,656,1,90
2020-03-11,657,0,50
2020-03-11,658,3,20
2020-03-11,659,1,15
2020-03-11,660,3,80
2020-03-11,661,3,80
2020-03-11,662,3,50
2020-03-11,663,1,15
2020-03-11,664,0,20
2020-03-11,665,2,15
2020-03-11,666,1,80
2020-03-11,667,3,10
2020-03-11,668,2,90
2020-03-11,669,0,20
2020-03-11,670,3,80
2020-03-11,671,3,15
2020-03-11,672,0,80
2020-03-11,673,1,80
2020-03-11,674,3,10
2020-03-11,675,3,10
2020-03-11,676,1,80
2020-03-11,677,1,10
2020-03-11,678,2,20
2020-03-11,679,2,20
2020-03-11,680,1,80
2020-03-11,681,3,90
2020-03-11,682,3,80
2020-03-11,683,0,90
2020-03-11,684,0,50
2020-03-11,685,2,10
2020-03-11,686,0,10
2020-03-11,687,3,15
2020-03-11,688,0,10
2020-03-11,689,1,20
2020-03-11,690,2,15
2020-03-11,691,3,10
2020-03-11,692,3,90
2020-03-11,693,1,50
2020-03-11,694,0,20
2020-03-11,695,0,90
2020-03-11,696,0,20
2020-03-11,697,0,20
2020-03-11,698,1,50
2020-03-11,699,1,50
2020-03-11,700,3,90
2020-03-11,701,3,90
2020-03-11,702,3,10
2020-03-11,703,3,80
2020-03-11,704,0,15
2020-03-11,705,3,90
2020-03-11,706,2,80
2020-03-11,707,3,10
2020-03-11,708,1,15
2020-03-11,709,3,15
2020-03-11,710,1,50
2020-03-11,711,0,10
2020-03-11,712,0,50
2020-03-11,713,2,90
2020-03-11,714,1,10
2020-03-11,715,1,15
2020-03-11,716,2,10
2020-03-11,717,0,20
2020-03-11,718,2,20
2020-03-11,719,3,90
2020-03-11,720,2,10
2020-03-11,721,0,50
2020-03-11,722,1,90
2020-03-11,723,3,15
2020-03-11,724,3,50
2020-03-11,725,3,20
2020-03-11,726,3,80
2020-03-11,727,0,50
2020-03-11,728,3,80
2020-03-11,729,1,15
2020-03-11,730,2,50
2020-03-11,731,1,80
2020-03-11,732,0,50
2020-03-11,733,0,15
2020-03-11,734,3,15
2020-03-11,735,1,50
2020-03-11,736,1,15
2020-03-11,737,1,80
2020-03-11,738,0,80
2020-03-11,739,0,80
2020-03-11,740,1,50
2020-03-11,741,1,50
2020-03-11,742,3,10
2020-03-11,743,1,90
2020-03-11,744,0,15
2020-03-11,745,1,80
2020-03-11,746,1,50
2020-03-11,747,1,15
2020-03-11,748,3,20
2020-03-11,749,0,90
2020-03-11,750,0,80
2020-03-11,751,2,50
2020-03-11,752,2,20
2020-03-11,753,0,50
2020-03-11,754,1,15
2020-03-11,755,1,50
2020-03-11,756,3,15
2020-03-11,757,3,10
2020-03-11,758,2,80
2020-03-11,759,3,15
2020-03-11,760,2,15
2020-03-11,761,3,10
2020-03-11,762,1,15
2020-03-11,763,2,10
2020-03-11,764,0,10
2020-03-11,765,0,10
2020-03-11,766,1,90
2020-03-11,767,2,90
2020-03-11,768,0,10
2020-03-11,769,0,80
2020-03-11,770,0,90
2020-03-11,771,3,15
2020-03-11,772,2,20
2020-03-11,773,1,90
2020-03-11,774,1,20
2020-03-11,775,3,15
2020-03-11,776,3,50
2020-03-11,777,2,50
2020-03-11,778,3,50
2020-03-11,779,3,15
2020-03-11,780,0,15
2020-03-11,781,1,10
2020-03-11,782,0,50
2020-03-11,783,2,15
2020-03-11,784,3,80
2020-03-11,785,1,90
2020-03-11,786,1,15
2020-03-11,787,1,90
2020-03-11,788,3,80
2020-03-11,789,1,50
2020-03-11,790,2,20
2020-03-11,791,0,20
2020-03-11,792,2,15
2020-03-11,793,3,20
2020-03-11,794,2,80
2020-03-11,795,1,15
2020-03-11,796,2,80
2020-03-11,797,3,15
2020-03-11,798,2,20
2020-03-11,799,0,15
2020-03-11,800,0,90
2020-03-11,801,0,10
2020-03-11,802,1,80
2020-03-11,803,3,50
2020-03-11,804,3,80
2020-03-11,805,0,20
2020-03-11,806,2,80
2020-03-11,807,3,15
2020-03-11,808,2,90
2020-03-11,809,1,50
2020-03-11,810,2,50
2020-03-11,811,1,50
2020-03-11,812,1,80
2020-03-11,813,1,80
2020-03-11,814,0,90
2020-03-11,815,3,50
2020-03-11,816,0,15
2020-03-11,817,2,80
2020-03-11,818,0,80
2020-03-11,819,0,50
2020-03-11,820,3,50
2020-03-11,821,2,90
2020-03-11,822,3,50
2020-03-11,823,1,80
2020-03-11,824,1,10
2020-03-11,825,0,90
2020-03-11,826,3,20
2020-03-11,827,1,80
2020-03-11,828,1,15
2020-03-11,829,2,20
2020-03-11,830,1,50
2020-03-11,831,2,90
2020-03-11,832,0,90
2020-03-11,833,0,90
2020-03-11,834,1,20
2020-03-11,835,2,15
2020-03-11,836,2,20
2020-03-11,837,1,10
2020-03-11,838,0,15
2020-03-11,839,1,20
2020-03-11,840,3,50
2020-03-11,841,3,80
2020-03-11,842,3,10
2020-03-11,843,0,90
2020-03-11,844,0,10
2020-03-11,845,1,15
2020-03-11,846,1,10
2020-03-11,847,2,20
2020-03-11,848,1,15
2020-03-11,849,1,80
2020-03-11,850,0,10
2020-03-11,851,0,10
2020-03-11,852,0,80
2020-03-11,853,3,15
2020-03-11,854,2,20
2020-03-11,855,3,15
2020-03-11,856,3,80
2020-03-11,857,3,10
2020-03-11,858,3,90
2020-03-11,859,0,90
2020-03-11,860,0,10
2020-03-11,861,3,50
2020-03-11,862,2,20
2020-03-11,863,0,20
2020-03-11,864,1,20
2020-03-11,865,2,50
2020-03-11,866,1,10
2020-03-11,867,2,20
2020-03-11,868,1,15
2020-03-11,869,3,80
2020-03-11,870,2,80
2020-03-11,871,3,10
2020-03-11,872,0,15
2020-03-11,873,0,90
2020-03-11,874,2,50
2020-03-11,875,3,80
2020-03-11,876,2,10
2020-03-11,877,2,80
2020-03-11,878,0,80
2020-03-11,879,2,10
2020-03-11,880,3,20
2020-03-11,881,3,90
2020-03-11,882,3,80
2020-03-11,883,2,50
2020-03-11,884,1,10
2020-03-11,885,3,10
2020-03-11,886,1,10
2020-03-11,887,2,20
2020-03-11,888,1,50
2020-03-11,889,1,15
2020-03-11,890,0,20
2020-03-11,891,3,50
2020-03-11,892,2,90
2020-03-11,893,2,20
2020-03-11,894,1,20
2020-03-11,895,3,10
2020-03-11,896,2,20
2020-03-11,897,0,20
2020-03-11,898,3,10
2020-03-11,899,3,10
2020-03-11,900,3,80
2020-03-11,901,0,15
2020-03-11,902,2,20
2020-03-11,903,0,15
2020-03-11,904,2,15
2020-03-11,905,1,90
2020-03-11,906,1,80
2020-03-11,907,2,15
2020-03-11,908,3,20
2020-03-11,909,2,10
2020-03-11,910,1,20
2020-03-11,911,1,90
2020-03-11,912,2,15
2020-03-11,913,3,15
2020-03-11,914,3,50
2020-03-11,915,2,10
2020-03-11,916,2,20
2020-03-11,917,1,50
2020-03-11,918,1,90
2020-03-11,919,3,10
2020-03-11,920,3,15
2020-03-11,921,0,80
2020-03-11,922,1,10
2020-03-11,923,2,50
2020-03-11,924,0,20
2020-03-11,925,1,15
2020-03-11,926,0,15
2020-03-11,927,2,50
2020-03-11,928,1,10
2020-03-11,929,2,20
2020-03-11,930,2,10
2020-03-11,931,1,15
2020-03-11,932,2,20
2020-03-11,933,1,50
2020-03-11,934,3,15
2020-03-11,935,0,10
2020-03-11,936,1,20
2020-03-11,937,0,10
2020-03-11,938,3,10
2020-03-11,939,1,15
2020-03-11,940,2,80
2020-03-11,941,1,10
2020-03-11,942,0,50
2020-03-11,943,2,80
2020-03-11,944,1,10
2020-03-11,945,1,20
2020-03-11,946,0,80
2020-03-11,947,0,10
2020-03-11,948,2,10
2020-03-11,949,0,15
2020-03-11,950,1,90
2020-03-11,951,1,80
2020-03-11,952,1,20
2020-03-11,953,2,15
2020-03-11,954,0,10
2020-03-11,955,2,10
2020-03-11,956,3,50
2020-03-11,957,1,15
2020-03-11,958,3,80
2020-03-11,959,1,80
2020-03-11,960,3,10
2020-03-11,961,3,50
2020-03-11,962,3,10
2020-03-11,963,0,90
2020-03-11,964,1,15
2020-03-11,965,2,50
2020-03-11,966,0,20
2020-03-11,967,0,15
2020-03-11,968,2,20
2020-03-11,969,2,20
2020-03-11,970,2,10
2020-03-11,971,0,20
2020-03-11,972,2,50
2020-03-11,973,1,15
2020-03-11,974,3,80
2020-03-11,975,3,15
2020-03-11,976,0,15
2020-03-11,977,0,50
2020-03-11,978,3,80
2020-03-11,979,1,90
2020-03-11,980,3,15
2020-03-11,981,1,90
2020-03-11,982,3,20
2020-03-11,983,2,20
2020-03-11,984,2,10
2020-03-11,985,1,20
2020-03-11,986,2,15
2020-03-11,987,0,50
2020-03-11,988,3,15
2020-03-11,989,3,15
2020-03-11,990,1,15
2020-03-11,991,0,80
2020-03-11,992,2,80
2020-03-11,993,1,50
2020-03-11,994,0,80
2020-03-11,995,3,80
2020-03-11,996,3,15
2020-03-11,997,2,90
2020-03-11,998,2,20
2020-03-11,999,2,20
2020-03-11,1000,3,80
2020-03-11,1001,0,10
2020-03-11,1002,2,15
2020-03-11,1003,0,90
2020-03-11,1004,2,90
2020-03-11,1005,1,80
2020-03-11,1006,1,15
2020-03-11,1007,1,15
2020-03-11,1008,0,20
2020-03-11,1009,0,10
2020-03-11,1010,0,50
2020-03-11,1011,1,15
2020-03-11,1012,0,10
2020-03-11,1013,0,50
2020-03-11,1014,0,10
2020-03-11,1015,1,15
2020-03-11,1016,1,50
2020-03-11,1017,3,90
2020-03-11,1018,1,80
2020-03-11,1019,1,15
2020-03-11,1020,1,80
2020-03-11,1021,2,20
2020-03-11,1022,2,80
2020-03-11,1023,3,10
2020-03-11,1024,0,90
2020-03-11,1025,0,20
2020-03-11,1026,0,20
2020-03-11,1027,2,80
2020-03-11,1028,1,15
2020-03-11,1029,1,90
2020-03-11,1030,2,15
2020-03-11,1031,3,80
2020-03-11,1032,2,80
2020-03-11,1033,0,15
2020-03-11,1034,0,20
2020-03-11,1035,0,90
2020-03-11,1036,0,20
2020-03-11,1037,2,15
2020-03-11,1038,2,20
2020-03-11,1039,3,10
2020-03-11,1040,2,50
2020-03-11,1041,1,10
2020-03-11,1042,0,90
2020-03-11,1043,0,80
2020-03-11,1044,3,20
2020-03-11,1045,0,10
2020-03-11,1046,2,50
2020-03-11,1047,0,10
2020-03-11,1048,1,10
2020-03-11,1049,1,10
2020-03-11,1050,1,15
2020-03-11,1051,0,90
2020-03-11,1052,3,50
2020-03-11,1053,0,15
2020-03-11,1054,2,80
2020-03-11,1055,2,10
2020-03-11,1056,2,20
2020-03-11,1057,0,15
2020-03-11,1058,2,20
2020-03-11,1059,0,15
2020-03-11,1060,1,15
2020-03-11,1061,1,20
2020-03-11,1062,2,10
2020-03-11,1063,0,15
2020-03-11,1064,0,50
2020-03-11,1065,1,10
2020-03-11,1066,0,10
2020-03-11,1067,1,90
2020-03-11,1068,0,90
2020-03-11,1069,2,50
2020-03-11,1070,3,20
2020-03-11,1071,0,10
2020-03-11,1072,1,80
2020-03-11,1073,3,50
2020-03-11,1074,1,20
2020-03-11,1075,3,20
2020-03-11,1076,0,10
2020-03-11,1077,3,20
2020-03-11,1078,0,90
2020-03-11,1079,1,20
2020-03-11,1080,0,20
2020-03-11,1081,1,80
2020-03-11,1082,3,90
2020-03-11,1083,2,10
2020-03-11,1084,2,20
2020-03-11,1085,1,15
2020-03-11,1086,0,10
2020-03-11,1087,0,20
2020-03-11,1088,0,90
2020-03-11,1089,3,50
2020-03-11,1090,2,15
2020-03-11,1091,0,10
2020-03-11,1092,0,15
2020-03-11,1093,2,80
2020-03-11,1094,0,50
2020-03-11,1095,2,20
2020-03-11,1096,0,50
2020-03-11,1097,0,10
2020-03-11,1098,0,50
2020-03-11,1099,3,10
