2020-03-17,100,0,90
2020-03-17,101,0,50
2020-03-17,102,2,80
2020-03-17,103,3,20
2020-03-17,104,3,10
2020-03-17,105,1,50
2020-03-17,106,3,80
2020-03-17,107,3,80
2020-03-17,108,1,15
2020-03-17,109,2,50
2020-03-17,110,1,90
2020-03-17,111,1,80
2020-03-17,112,0,15
2020-03-17,113,3,90
2020-03-17,114,2,50
2020-03-17,115,3,80
2020-03-17,116,2,90
2020-03-17,117,1,20
2020-03-17,118,2,15
2020-03-17,119,3,50
2020-03-17,120,1,90
2020-03-17,121,1,90
2020-03-17,122,0,10
2020-03-17,123,0,50
2020-03-17,124,1,80
2020-03-17,125,2,20
2020-03-17,126,1,15
2020-03-17,127,1,50
2020-03-17,128,0,90
2020-03-17,129,0,15
2020-03-17,130,1,90
2020-03-17,131,0,10
2020-03-17,132,0,90
2020-03-17,133,2,90
2020-03-17,134,0,20
2020-03-17,135,0,80
2020-03-17,136,1,10
2020-03-17,137,1,10
2020-03-17,138,1,15
2020-03-17,139,1,15
2020-03-17,140,3,80
2020-03-17,141,1,80
2020-03-17,142,1,15
2020-03-17,143,2,50
2020-03-17,144,2,90
2020-03-17,145,0,90
2020-03-17,146,0,50
2020-03-17,147,3,50
2020-03-17,148,3,90
2020-03-17,149,1,10
2020-03-17,150,2,50
2020-03-17,151,0,10
2020-03-17,152,3,15
2020-03-17,153,1,15
2020-03-17,154,1,10
2020-03-17,155,3,20
2020-03-17,156,3,50
2020-03-17,157,1,20
2020-03-17,158,2,20
2020-03-17,159,0,10
2020-03-17,160,1,10
2020-03-17,161,1,80
2020-03-17,162,1,10
2020-03-17,163,2,20
2020-03-17,164,0,50
2020-03-17,165,1,20
2020-03-17,166,2,50
2020-03-17,167,2,90
2020-03-17,168,2,10
2020-03-17,169,1,15
2020-03-17,170,1,20
2020-03-17,171,0,90
2020-03-17,172,0,80
2020-03-17,173,3,10
2020-03-17,174,3,80
2020-03-17,175,2,10
2020-03-17,176,3,50
2020-03-17,177,0,50
2020-03-17,178,2,10
2020-03-17,179,2,10
2020-03-17,180,3,90
2020-03-17,181,3,50
2020-03-17,182,2,50
2020-03-17,183,1,10
2020-03-17,184,2,80
2020-03-17,185,2,15
2020-03-17,186,0,90
2020-03-17,187,2,20
2020-03-17,188,0,50
2020-03-17,189,1,10
2020-03-17,190,1,10
2020-03-17,191,0,15
2020-03-17,192,2,90
2020-03-17,193,0,20
2020-03-17,194,1,15
2020-03-17,195,1,80
2020-03-17,196,2,90
2020-03-17,197,0,90
2020-03-17,198,2,90
2020-03-17,199,2,90
2020-03-17,200,0,15
2020-03-17,201,2,15
2020-03-17,202,2,90
2020-03-17,203,3,20
2020-03-17,204,1,50
2020-03-17,205,3,15
2020-03-17,206,0,50
2020-03-17,207,2,50
2020-03-17,208,3,15
2020-03-17,209,0,15
2020-03-17,210,3,90
2020-03-17,211,1,10
2020-03-17,212,2,10
2020-03-17,213,0,20
2020-03-17,214,3,10
2020-03-17,215,3,20
2020-03-17,216,1,10
2020-03-17,217,0,80
2020-03-17,218,3,15
2020-03-17,219,3,20
2020-03-17,220,2,80
2020-03-17,221,1,90
2020-03-17,222,2,80
2020-03-17,223,0,80
2020-03-17,224,3,50
2020-03-17,225,0,20
2020-03-17,226,0,15
2020-03-17,227,2,50
2020-03-17,228,2,50
2020-03-17,229,0,50
2020-03-17,230,1,50
2020-03-17,231,2,20
2020-03-17,232,0,10
2020-03-17,233,2,50
2020-03-17,234,2,20
2020-03-17,235,0,20
2020-03-17,236,1,80
2020-03-17,237,2,50
2020-03-17,238,2,50
2020-03-17,239,0,20
2020-03-17,240,1,15
2020-03-17,241,1,15
2020-03-17,242,2,20
2020-03-17,243,1,50
2020-03-17,244,2,15
2020-03-17,245,0,15
2020-03-17,246,3,10
2020-03-17,247,0,80
2020-03-17,248,2,50
2020-03-17,249,2,90
2020-03-17,250,1,50
2020-03-17,251,2,80
2020-03-17,252,2,15
2020-03-17,253,1,15
2020-03-17,254,1,15
2020-03-17,255,2,20
2020-03-17,256,2,50
2020-03-17,257,3,20
2020-03-17,258,0,20
2020-03-17,259,0,50
2020-03-17,260,3,80
2020-03-17,261,2,50
2020-03-17,262,3,10
2020-03-17,263,3,10
2020-03-17,264,3,90
2020-03-17,265,3,80
2020-03-17,266,2,50
2020-03-17,267,1,90
2020-03-17,268,0,20
2020-03-17,269,0,80
2020-03-17,270,2,90
2020-03-17,271,3,15
2020-03-17,272,3,90
2020-03-17,273,2,80
2020-03-17,274,2,50
2020-03-17,275,2,80
2020-03-17,276,0,90
2020-03-17,277,2,80
2020-03-17,278,0,90
2020-03-17,279,1,90
2020-03-17,280,1,10
2020-03-17,281,2,20
2020-03-17,282,1,90
2020-03-17,283,3,50
2020-03-17,284,3,15
2020-03-17,285,3,20
2020-03-17,286,1,50
2020-03-17,287,2,20
2020-03-17,288,0,80
2020-03-17,289,1,90
2020-03-17,290,3,10
2020-03-17,291,1,20
2020-03-17,292,3,80
2020-03-17,293,0,80
2020-03-17,294,3,50
2020-03-17,295,0,90
2020-03-17,296,3,20
2020-03-17,297,2,50
2020-03-17,298,0,50
2020-03-17,299,0,20
2020-03-17,300,0,90
2020-03-17,301,3,80
2020-03-17,302,1,80
2020-03-17,303,3,50
2020-03-17,304,0,50
2020-03-17,305,2,90
2020-03-17,306,3,10
2020-03-17,307,1,50
2020-03-17,308,3,20
2020-03-17,309,2,20
2020-03-17,310,0,50
2020-03-17,311,3,20
2020-03-17,312,2,50
2020-03-17,313,1,50
2020-03-17,314,1,90
2020-03-17,315,1,10
2020-03-17,316,1,90
2020-03-17,317,2,80
2020-03-17,318,0,90
2020-03-17,319,2,15
2020-03-17,320,3,10
2020-03-17,321,1,90
2020-03-17,322,3,15
2020-03-17,323,3,80
2020-03-17,324,0,80
2020-03-17,325,0,80
2020-03-17,326,1,15
2020-03-17,327,0,90
2020-03-17,328,1,80
2020-03-17,329,2,10
2020-03-17,330,2,90
2020-03-17,331,0,50
2020-03-17,332,1,15
2020-03-17,333,2,20
2020-03-17,334,1,80
2020-03-17,335,3,15
2020-03-17,336,1,10
2020-03-17,337,3,20
2020-03-17,338,1,50
2020-03-17,339,1,20
2020-03-17,340,1,80
2020-03-17,341,2,20
2020-03-17,342,3,20
2020-03-17,343,1,20
2020-03-17,344,2,90
2020-03-17,345,0,15
2020-03-17,346,1,50
2020-03-17,347,0,90
2020-03-17,348,0,10
2020-03-17,349,2,80
2020-03-17,350,3,20
2020-03-17,351,3,15
2020-03-17,352,2,20
2020-03-17,353,0,50
2020-03-17,354,3,80
2020-03-17,355,3,50
2020-03-17,356,3,20
2020-03-17,357,2,15
2020-03-17,358,2,80
2020-03-17,359,0,10
2020-03-17,360,0,15
2020-03-17,361,1,80
2020-03-17,362,0,20
2020-03-17,363,0,50
2020-03-17,364,1,50
2020-03-17,365,3,80
2020-03-17,366,0,15
2020-03-17,367,1,90
2020-03-17,368,1,90
2020-03-17,369,2,90
2020-03-17,370,2,15
2020-03-17,371,0,80
2020-03-17,372,2,15
2020-03-17,373,0,15
2020-03-17,374,1,90
2020-03-17,375,2,15
2020-03-17,376,3,10
2020-03-17,377,0,10
2020-03-17,378,2,50
2020-03-17,379,1,50
2020-03-17,380,3,10
2020-03-17,381,1,80
2020-03-17,382,1,90
2020-03-17,383,0,90
2020-03-17,384,3,15
2020-03-17,385,1,20
2020-03-17,386,1,90
2020-03-17,387,1,90
2020-03-17,388,3,50
2020-03-17,389,3,80
2020-03-17,390,3,50
2020-03-17,391,1,80
2020-03-17,392,2,15
2020-03-17,393,1,90
2020-03-17,394,0,50
2020-03-17,395,0,50
2020-03-17,396,1,10
2020-03-17,397,3,80
2020-03-17,398,2,20
2020-03-17,399,1,90
2020-03-17,400,3,20
2020-03-17,401,1,15
2020-03-17,402,2,80
2020-03-17,403,3,10
2020-03-17,404,3,10
2020-03-17,405,3,15
2020-03-17,406,1,90
2020-03-17,407,0,90
2020-03-17,408,0,50
2020-03-17,409,1,15
2020-03-17,410,1,20
2020-03-17,411,2,10
2020-03-17,412,3,50
2020-03-17,413,3,80
2020-03-17,414,0,15
2020-03-17,415,0,20
2020-03-17,416,1,80
2020-03-17,417,3,10
2020-03-17,418,1,90
2020-03-17,419,1,20
2020-03-17,420,3,80
2020-03-17,421,3,50
2020-03-17,422,0,80
2020-03-17,423,3,80
2020-03-17,424,3,90
2020-03-17,425,0,80
2020-03-17,426,3,15
2020-03-17,427,0,20
2020-03-17,428,1,90
2020-03-17,429,0,50
2020-03-17,430,3,50
2020-03-17,431,3,50
2020-03-17,432,2,80
2020-03-17,433,0,15
2020-03-17,434,3,90
2020-03-17,435,1,20
2020-03-17,436,3,15
2020-03-17,437,2,10
2020-03-17,438,0,15
2020-03-17,439,3,50
2020-03-17,440,3,50
2020-03-17,441,0,20
2020-03-17,442,2,80
2020-03-17,443,0,10
2020-03-17,444,2,90
2020-03-17,445,2,90
2020-03-17,446,0,80
2020-03-17,447,1,50
2020-03-17,448,2,50
2020-03-17,449,2,10
2020-03-17,450,1,90
2020-03-17,451,2,80
2020-03-17,452,3,90
2020-03-17,453,1,80
2020-03-17,454,0,50
2020-03-17,455,3,10
2020-03-17,456,0,80
2020-03-17,457,3,80
2020-03-17,458,1,50
2020-03-17,459,2,10
2020-03-17,460,0,15
2020-03-17,461,0,90
2020-03-17,462,3,15
2020-03-17,463,0,15
2020-03-17,464,0,20
2020-03-17,465,0,50
2020-03-17,466,2,90
2020-03-17,467,0,20
2020-03-17,468,3,20
2020-03-17,469,3,15
2020-03-17,470,2,15
2020-03-17,471,0,50
2020-03-17,472,2,15
2020-03-17,473,3,15
2020-03-17,474,3,50
2020-03-17,475,0,15
2020-03-17,476,0,10
2020-03-17,477,3,15
2020-03-17,478,1,90
2020-03-17,479,2,50
2020-03-17,480,0,20
2020-03-17,481,0,50
2020-03-17,482,3,20
2020-03-17,483,0,80
2020-03-17,484,3,10
2020-03-17,485,3,80
2020-03-17,486,3,15
2020-03-17,487,2,20
2020-03-17,488,3,20
2020-03-17,489,2,80
2020-03-17,490,3,80
2020-03-17,491,1,90
2020-03-17,492,3,90
2020-03-17,493,3,50
2020-03-17,494,3,90
2020-03-17,495,1,50
2020-03-17,496,0,20
2020-03-17,497,1,80
2020-03-17,498,2,80
2020-03-17,499,2,50
2020-03-17,500,3,50
2020-03-17,501,0,15
2020-03-17,502,0,15
2020-03-17,503,1,90
2020-03-17,504,1,20
2020-03-17,505,0,80
2020-03-17,506,0,20
2020-03-17,507,1,90
2020-03-17,508,1,50
2020-03-17,509,1,20
2020-03-17,510,0,80
2020-03-17,511,0,10
2020-03-17,512,2,20
2020-03-17,513,1,50
2020-03-17,514,1,90
2020-03-17,515,0,80
2020-03-17,516,3,10
2020-03-17,517,3,20
2020-03-17,518,1,90
2020-03-17,519,3,90
2020-03-17,520,1,50
2020-03-17,521,3,50
2020-03-17,522,1,10
2020-03-17,523,0,90
2020-03-17,524,0,50
2020-03-17,525,2,15
2020-03-17,526,3,20
2020-03-17,527,1,15
2020-03-17,528,0,15
2020-03-17,529,0,15
2020-03-17,530,2,10
2020-03-17,531,2,15
2020-03-17,532,0,50
2020-03-17,533,2,10
2020-03-17,534,1,15
2020-03-17,535,2,80
2020-03-17,536,2,90
2020-03-17,537,1,80
2020-03-17,538,1,10
2020-03-17,539,3,90
2020-03-17,540,2,10
2020-03-17,541,0,20
2020-03-17,542,3,10
2020-03-17,543,3,20
2020-03-17,544,3,10
2020-03-17,545,2,20
2020-03-17,546,1,15
2020-03-17,547,2,10
2020-03-17,548,0,20
2020-03-17,549,0,90
2020-03-17,550,2,20
2020-03-17,551,2,90
2020-03-17,552,2,80
2020-03-17,553,1,10
2020-03-17,554,3,90
2020-03-17,555,3,80
2020-03-17,556,0,50
2020-03-17,557,1,80
2020-03-17,558,1,50
2020-03-17,559,2,80
2020-03-17,560,3,15
2020-03-17,561,3,50
2020-03-17,562,0,20
2020-03-17,563,1,10
2020-03-17,564,1,20
2020-03-17,565,0,50
2020-03-17,566,1,90
2020-03-17,567,0,10
2020-03-17,568,2,50
2020-03-17,569,1,80
2020-03-17,570,2,10
2020-03-17,571,1,15
2020-03-17,572,0,90
2020-03-17,573,2,80
2020-03-17,574,3,20
2020-03-17,575,1,50
2020-03-17,576,3,90
2020-03-17,577,0,10
2020-03-17,578,0,80
2020-03-17,579,0,10
2020-03-17,580,1,15
2020-03-17,581,2,10
2020-03-17,582,3,50
2020-03-17,583,1,20
2020-03-17,584,3,50
2020-03-17,585,2,20
2020-03-17,586,3,90
2020-03-17,587,1,80
2020-03-17,588,3,10
2020-03-17,589,2,20
2020-03-17,590,1,10
2020-03-17,591,3,15
2020-03-17,592,1,80
2020-03-17,593,1,80
2020-03-17,594,3,50
2020-03-17,595,1,50
2020-03-17,596,1,50
2020-03-17,597,1,90
2020-03-17,598,2,50
2020-03-17,599,1,10
2020-03-17,600,2,15
2020-03-17,601,0,50
2020-03-17,602,2,50
2020-03-17,603,1,50
2020-03-17,604,1,20
2020-03-17,605,1,50
2020-03-17,606,3,80
2020-03-17,607,1,10
2020-03-17,608,2,50
2020-03-17,609,3,10
2020-03-17,610,0,20
2020-03-17,611,0,15
2020-03-17,612,1,90
2020-03-17,613,3,15
2020-03-17,614,2,90
2020-03-17,615,3,90
2020-03-17,616,1,20
2020-03-17,617,1,10
2020-03-17,618,3,10
2020-03-17,619,0,10
2020-03-17,620,1,15
2020-03-17,621,3,90
2020-03-17,622,3,50
2020-03-17,623,3,20
2020-03-17,624,2,50
2020-03-17,625,3,20
2020-03-17,626,3,20
2020-03-17,627,2,15
2020-03-17,628,1,10
2020-03-17,629,0,20
2020-03-17,630,2,80
2020-03-17,631,2,50
2020-03-17,632,3,15
2020-03-17,633,2,15
2020-03-17,634,1,10
2020-03-17,635,3,90
2020-03-17,636,1,50
2020-03-17,637,0,90
2020-03-17,638,0,10
2020-03-17,639,1,90
2020-03-17,640,2,90
2020-03-17,641,2,80
2020-03-17,642,3,20
2020-03-17,643,0,15
2020-03-17,644,1,90
2020-03-17,645,1,50
2020-03-17,646,2,20
2020-03-17,647,3,10
2020-03-17,648,0,90
2020-03-17,649,0,50
2020-03-17,650,0,90
2020-03-17,651,2,20
2020-03-17,652,3,15
2020-03-17,653,2,50
2020-03-17,654,3,15
2020-03-17,655,2,90
2020-03-17,656,1,15
2020-03-17,657,2,80
2020-03-17,658,2,10
2020-03-17,659,3,15
2020-03-17,660,3,20
2020-03-17,661,1,90
2020-03-17,662,0,20
2020-03-17,663,0,10
2020-03-17,664,3,50
2020-03-17,665,3,50
2020-03-17,666,2,10
2020-03-17,667,3,50
2020-03-17,668,3,15
2020-03-17,669,0,80
2020-03-17,670,1,50
2020-03-17,671,3,10
2020-03-17,672,2,90
2020-03-17,673,1,10
2020-03-17,674,2,50
2020-03-17,675,1,15
2020-03-17,676,1,90
2020-03-17,677,3,10
2020-03-17,678,0,10
2020-03-17,679,2,15
2020-03-17,680,1,50
2020-03-17,681,0,10
2020-03-17,682,2,50
2020-03-17,683,1,90
2020-03-17,684,3,90
2020-03-17,685,1,15
2020-03-17,686,2,90
2020-03-17,687,0,10
2020-03-17,688,1,10
2020-03-17,689,3,10
2020-03-17,690,3,20
2020-03-17,691,0,80
2020-03-17,692,1,15
2020-03-17,693,1,90
2020-03-17,694,0,10
2020-03-17,695,1,90
2020-03-17,696,3,15
2020-03-17,697,0,50
2020-03-17,698,1,50
2020-03-17,699,3,50
2020-03-17,700,0,50
2020-03-17,701,2,20
2020-03-17,702,1,50
2020-03-17,703,0,90
2020-03-17,704,2,10
2020-03-17,705,1,80
2020-03-17,706,2,15
2020-03-17,707,1,50
2020-03-17,708,3,15
2020-03-17,709,0,10
2020-03-17,710,3,10
2020-03-17,711,1,50
2020-03-17,712,3,80
2020-03-17,713,0,80
2020-03-17,714,2,15
2020-03-17,715,1,50
2020-03-17,716,0,15
2020-03-17,717,1,10
2020-03-17,718,3,15
2020-03-17,719,2,20
2020-03-17,720,2,15
2020-03-17,721,3,10
2020-03-17,722,2,20
2020-03-17,723,2,10
2020-03-17,724,1,90
2020-03-17,725,1,20
2020-03-17,726,0,80
2020-03-17,727,0,20
2020-03-17,728,3,50
2020-03-17,729,3,15
2020-03-17,730,3,20
2020-03-17,731,3,10
2020-03-17,732,3,50
2020-03-17,733,3,80
2020-03-17,734,2,20
2020-03-17,735,3,90
2020-03-17,736,1,90
2020-03-17,737,3,15
2020-03-17,738,1,10
2020-03-17,739,2,15
2020-03-17,740,2,80
2020-03-17,741,2,20
2020-03-17,742,1,50
2020-03-17,743,2,15
2020-03-17,744,2,10
2020-03-17,745,1,90
2020-03-17,746,3,20
2020-03-17,747,1,15
2020-03-17,748,0,20
2020-03-17,749,1,90
2020-03-17,750,0,90
2020-03-17,751,1,10
2020-03-17,752,1,20
2020-03-17,753,1,80
2020-03-17,754,1,15
2020-03-17,755,1,50
2020-03-17,756,1,90
2020-03-17,757,2,50
2020-03-17,758,0,10
2020-03-17,759,1,10
2020-03-17,760,1,10
2020-03-17,761,3,10
2020-03-17,762,0,90
2020-03-17,763,2,80
2020-03-17,764,0,15
2020-03-17,765,2,20
2020-03-17,766,3,15
2020-03-17,767,2,50
2020-03-17,768,2,15
2020-03-17,769,0,80
2020-03-17,770,0,50
2020-03-17,771,1,20
2020-03-17,772,2,50
2020-03-17,773,2,90
2020-03-17,774,2,90
2020-03-17,775,2,90
2020-03-17,776,3,20
2020-03-17,777,0,15
2020-03-17,778,2,15
2020-03-17,779,1,20
2020-03-17,780,3,90
2020-03-17,781,2,20
2020-03-17,782,3,50
2020-03-17,783,2,15
2020-03-17,784,0,80
2020-03-17,785,1,15
2020-03-17,786,2,10
2020-03-17,787,2,80
2020-03-17,788,3,80
2020-03-17,789,3,50
2020-03-17,790,1,15
2020-03-17,791,1,80
2020-03-17,792,1,15
2020-03-17,793,3,10
2020-03-17,794,2,50
2020-03-17,795,3,80
2020-03-17,796,2,10
2020-03-17,797,0,10
2020-03-17,798,1,15
2020-03-17,799,0,90
2020-03-17,800,1,10
2020-03-17,801,3,10
2020-03-17,802,2,15
2020-03-17,803,2,15
2020-03-17,804,0,50
2020-03-17,805,2,20
2020-03-17,806,0,90
2020-03-17,807,2,20
2020-03-17,808,0,10
2020-03-17,809,3,90
2020-03-17,810,2,20
2020-03-17,811,1,20
2020-03-17,812,1,10
2020-03-17,813,2,10
2020-03-17,814,1,20
2020-03-17,815,2,90
2020-03-17,816,2,20
2020-03-17,817,1,20
2020-03-17,818,0,80
2020-03-17,819,2,15
2020-03-17,820,3,80
2020-03-17,821,1,15
2020-03-17,822,3,10
2020-03-17,823,3,80
2020-03-17,824,2,80
2020-03-17,825,1,20
2020-03-17,826,0,20
2020-03-17,827,3,90
2020-03-17,828,3,15
2020-03-17,829,1,50
2020-03-17,830,0,15
2020-03-17,831,0,90
2020-03-17,832,2,50
2020-03-17,833,2,50
2020-03-17,834,3,20
2020-03-17,835,3,80
2020-03-17,836,2,90
2020-03-17,837,3,10
2020-03-17,838,0,10
2020-03-17,839,0,50
2020-03-17,840,1,80
2020-03-17,841,0,80
2020-03-17,842,2,90
2020-03-17,843,1,80
2020-03-17,844,0,10
2020-03-17,845,1,20
2020-03-17,846,2,50
2020-03-17,847,3,90
2020-03-17,848,0,80
2020-03-17,849,0,15
2020-03-17,850,1,15
2020-03-17,851,0,50
2020-03-17,852,0,90
2020-03-17,853,1,10
2020-03-17,854,3,10
2020-03-17,855,1,80
2020-03-17,856,2,20
2020-03-17,857,0,90
2020-03-17,858,2,50
2020-03-17,859,1,50
2020-03-17,860,2,90
2020-03-17,861,0,50
2020-03-17,862,2,10
2020-03-17,863,1,50
2020-03-17,864,1,15
2020-03-17,865,1,50
2020-03-17,866,2,90
2020-03-17,867,3,90
2020-03-17,868,3,10
2020-03-17,869,0,80
2020-03-17,870,3,15
2020-03-17,871,3,10
2020-03-17,872,3,20
2020-03-17,873,1,50
2020-03-17,874,3,20
2020-03-17,875,3,90
2020-03-17,876,2,90
2020-03-17,877,2,50
2020-03-17,878,1,10
2020-03-17,879,3,90
2020-03-17,880,1,10
2020-03-17,881,2,90
2020-03-17,882,2,80
2020-03-17,883,3,10
2020-03-17,884,0,15
2020-03-17,885,0,15
2020-03-17,886,3,50
2020-03-17,887,3,50
2020-03-17,888,3,15
2020-03-17,889,2,80
2020-03-17,890,0,15
2020-03-17,891,1,80
2020-03-17,892,1,10
2020-03-17,893,2,15
2020-03-17,894,3,80
2020-03-17,895,3,80
2020-03-17,896,0,50
2020-03-17,897,0,90
2020-03-17,898,3,90
2020-03-17,899,2,10
2020-03-17,900,1,80
2020-03-17,901,3,50
2020-03-17,902,0,15
2020-03-17,903,3,90
2020-03-17,904,0,20
2020-03-17,905,3,50
2020-03-17,906,0,20
2020-03-17,907,3,50
2020-03-17,908,3,10
2020-03-17,909,2,10
2020-03-17,910,1,50
2020-03-17,911,1,20
2020-03-17,912,2,20
2020-03-17,913,1,10
2020-03-17,914,3,20
2020-03-17,915,3,10
2020-03-17,916,3,15
2020-03-17,917,0,20
2020-03-17,918,3,80
2020-03-17,919,0,10
2020-03-17,920,1,20
2020-03-17,921,3,20
2020-03-17,922,3,90
2020-03-17,923,2,10
2020-03-17,924,0,50
2020-03-17,925,2,80
2020-03-17,926,2,15
2020-03-17,927,2,80
2020-03-17,928,3,90
2020-03-17,929,3,80
2020-03-17,930,0,20
2020-03-17,931,2,15
2020-03-17,932,1,90
2020-03-17,933,1,10
2020-03-17,934,0,80
2020-03-17,935,0,50
2020-03-17,936,0,50
2020-03-17,937,2,50
2020-03-17,938,1,20
2020-03-17,939,3,90
2020-03-17,940,0,90
2020-03-17,941,1,10
2020-03-17,942,2,10
2020-03-17,943,0,15
2020-03-17,944,0,50
2020-03-17,945,0,15
2020-03-17,946,1,20
2020-03-17,947,2,20
2020-03-17,948,3,80
2020-03-17,949,2,80
2020-03-17,950,0,50
2020-03-17,951,0,50
2020-03-17,952,3,20
2020-03-17,953,1,80
2020-03-17,954,3,50
2020-03-17,955,2,50
2020-03-17,956,0,50
2020-03-17,957,3,80
2020-03-17,958,3,10
2020-03-17,959,0,90
2020-03-17,960,0,10
2020-03-17,961,3,50
2020-03-17,962,0,15
2020-03-17,963,3,20
2020-03-17,964,0,80
2020-03-17,965,0,10
2020-03-17,966,2,20
2020-03-17,967,2,10
2020-03-17,968,2,80
2020-03-17,969,2,90
2020-03-17,970,2,15
2020-03-17,971,3,90
2020-03-17,972,2,80
2020-03-17,973,1,80
2020-03-17,974,1,50
2020-03-17,975,2,10
2020-03-17,976,1,15
2020-03-17,977,1,10
2020-03-17,978,1,10
2020-03-17,979,3,50
2020-03-17,980,0,10
2020-03-17,981,0,90
2020-03-17,982,1,20
2020-03-17,983,2,80
2020-03-17,984,1,15
2020-03-17,985,0,10
2020-03-17,986,1,50
2020-03-17,987,3,90
2020-03-17,988,1,10
2020-03-17,989,0,90
2020-03-17,990,0,15
2020-03-17,991,1,90
2020-03-17,992,1,10
2020-03-17,993,3,20
2020-03-17,994,0,15
2020-03-17,995,2,10
2020-03-17,996,2,10
2020-03-17,997,2,15
2020-03-17,998,1,50
2020-03-17,999,3,50
2020-03-17,1000,3,50
2020-03-17,1001,1,90
2020-03-17,1002,1,20
2020-03-17,1003,0,20
2020-03-17,1004,3,50
2020-03-17,1005,3,50
2020-03-17,1006,0,80
2020-03-17,1007,3,15
2020-03-17,1008,2,20
2020-03-17,1009,3,20
2020-03-17,1010,1,10
2020-03-17,1011,1,10
2020-03-17,1012,2,20
2020-03-17,1013,0,80
2020-03-17,1014,0,90
2020-03-17,1015,1,15
2020-03-17,1016,3,20
2020-03-17,1017,0,20
2020-03-17,1018,1,90
2020-03-17,1019,2,20
2020-03-17,1020,1,90
2020-03-17,1021,1,15
2020-03-17,1022,0,80
2020-03-17,1023,3,90
2020-03-17,1024,2,15
2020-03-17,1025,0,15
2020-03-17,1026,2,50
2020-03-17,1027,1,20
2020-03-17,1028,2,90
2020-03-17,1029,1,90
2020-03-17,1030,1,50
2020-03-17,1031,0,90
2020-03-17,1032,3,80
2020-03-17,1033,3,80
2020-03-17,1034,3,15
2020-03-17,1035,0,80
2020-03-17,1036,2,10
2020-03-17,1037,0,20
2020-03-17,1038,3,80
2020-03-17,1039,2,10
2020-03-17,1040,0,80
2020-03-17,1041,0,20
2020-03-17,1042,2,20
2020-03-17,1043,2,50
2020-03-17,1044,3,80
2020-03-17,1045,3,90
2020-03-17,1046,1,80
2020-03-17,1047,1,80
2020-03-17,1048,2,10
2020-03-17,1049,2,80
2020-03-17,1050,1,10
2020-03-17,1051,1,20
2020-03-17,1052,2,15
2020-03-17,1053,3,10
2020-03-17,1054,3,90
2020-03-17,1055,0,20
2020-03-17,1056,0,90
2020-03-17,1057,2,80
2020-03-17,1058,2,20
2020-03-17,1059,2,10
2020-03-17,1060,0,90
2020-03-17,1061,1,80
2020-03-17,1062,1,50
2020-03-17,1063,0,90
2020-03-17,1064,3,20
2020-03-17,1065,1,10
2020-03-17,1066,1,80
2020-03-17,1067,1,20
2020-03-17,1068,2,10
2020-03-17,1069,1,90
2020-03-17,1070,0,15
2020-03-17,1071,1,15
2020-03-17,1072,1,10
2020-03-17,1073,2,10
2020-03-17,1074,0,15
2020-03-17,1075,1,10
2020-03-17,1076,1,15
2020-03-17,1077,3,10
2020-03-17,1078,2,90
2020-03-17,1079,2,50
2020-03-17,1080,0,90
2020-03-17,1081,0,10
2020-03-17,1082,1,20
2020-03-17,1083,3,80
2020-03-17,1084,2,50
2020-03-17,1085,3,10
2020-03-17,1086,3,90
2020-03-17,1087,3,20
2020-03-17,1088,3,90
2020-03-17,1089,3,50
2020-03-17,1090,3,20
2020-03-17,1091,2,50
2020-03-17,1092,1,10
2020-03-17,1093,1,80
2020-03-17,1094,3,90
2020-03-17,1095,2,80
2020-03-17,1096,0,50
2020-03-17,1097,2,10
2020-03-17,1098,2,80
2020-03-17,1099,1,80
