2020-03-11,100,3,10
2020-03-11,101,3,10
2020-03-11,102,3,50
2020-03-11,103,0,10
2020-03-11,104,2,200
2020-03-11,105,1,10
2020-03-11,106,1,10
2020-03-11,107,2,1000
2020-03-11,108,0,100
2020-03-11,109,2,15
2020-03-11,110,1,200
2020-03-11,111,2,1000
2020-03-11,112,2,10
2020-03-11,113,1,100
2020-03-11,114,0,100
2020-03-11,115,1,1000
2020-03-11,116,1,100
2020-03-11,117,2,10
2020-03-11,118,2,100
2020-03-11,119,1,100
2020-03-11,120,2,1000
2020-03-11,121,1,200
2020-03-11,122,3,15
2020-03-11,123,3,1000
2020-03-11,124,3,200
2020-03-11,125,1,50
2020-03-11,126,1,100
2020-03-11,127,1,100
2020-03-11,128,1,50
2020-03-11,129,2,100
2020-03-11,130,0,15
2020-03-11,131,1,15
2020-03-11,132,0,10
2020-03-11,133,3,50
2020-03-11,134,3,50
2020-03-11,135,3,50
2020-03-11,136,2,10
2020-03-11,137,0,10
2020-03-11,138,3,100
2020-03-11,139,3,1000
2020-03-11,140,0,200
2020-03-11,141,0,50
2020-03-11,142,1,200
2020-03-11,143,3,50
2020-03-11,144,2,100
2020-03-11,145,1,15
2020-03-11,146,3,200
2020-03-11,147,1,10
2020-03-11,148,0,200
2020-03-11,149,1,10
2020-03-11,150,1,1000
2020-03-11,151,3,200
2020-03-11,152,1,50
2020-03-11,153,1,15
2020-03-11,154,0,100
2020-03-11,155,2,200
2020-03-11,156,1,100
2020-03-11,157,1,200
2020-03-11,158,2,10
2020-03-11,159,0,100
2020-03-11,160,1,50
2020-03-11,161,2,15
2020-03-11,162,1,15
2020-03-11,163,2,15
2020-03-11,164,1,100
2020-03-11,165,0,100
2020-03-11,166,1,1000
2020-03-11,167,2,1000
2020-03-11,168,1,15
2020-03-11,169,1,200
2020-03-11,170,2,15
2020-03-11,171,3,1000
2020-03-11,172,2,50
2020-03-11,173,2,1000
2020-03-11,174,1,100
2020-03-11,175,0,15
2020-03-11,176,3,1000
2020-03-11,177,2,200
2020-03-11,178,3,1000
2020-03-11,179,2,50
2020-03-11,180,3,1000
2020-03-11,181,1,1000
2020-03-11,182,3,1000
2020-03-11,183,1,50
2020-03-11,184,1,15
2020-03-11,185,3,1000
2020-03-11,186,3,10
2020-03-11,187,3,200
2020-03-11,188,1,50
2020-03-11,189,2,15
2020-03-11,190,0,10
2020-03-11,191,3,10
2020-03-11,192,1,15
2020-03-11,193,0,100
2020-03-11,194,3,50
2020-03-11,195,1,10
2020-03-11,196,2,10
2020-03-11,197,2,100
2020-03-11,198,3,100
2020-03-11,199,1,200
2020-03-11,200,0,100
2020-03-11,201,3,200
2020-03-11,202,3,1000
2020-03-11,203,1,100
2020-03-11,204,3,15
2020-03-11,205,0,50
2020-03-11,206,3,15
2020-03-11,207,3,50
2020-03-11,208,1,10
2020-03-11,209,0,100
2020-03-11,210,1,10
2020-03-11,211,0,1000
2020-03-11,212,0,10
2020-03-11,213,2,10
2020-03-11,214,0,100
2020-03-11,215,2,1000
2020-03-11,216,0,50
2020-03-11,217,2,15
2020-03-11,218,1,200
2020-03-11,219,1,100
2020-03-11,220,3,15
2020-03-11,221,0,50
2020-03-11,222,1,1000
2020-03-11,223,2,50
2020-03-11,224,3,1000
2020-03-11,225,3,50
2020-03-11,226,0,50
2020-03-11,227,1,100
2020-03-11,228,2,1000
2020-03-11,229,0,50
2020-03-11,230,3,10
2020-03-11,231,3,10
2020-03-11,232,1,200
2020-03-11,233,0,10
2020-03-11,234,0,10
2020-03-11,235,1,10
2020-03-11,236,1,15
2020-03-11,237,2,200
2020-03-11,238,0,10
2020-03-11,239,1,50
2020-03-11,240,3,100
2020-03-11,241,3,15
2020-03-11,242,3,50
2020-03-11,243,1,50
2020-03-11,244,0,1000
2020-03-11,245,1,15
2020-03-11,246,2,15
2020-03-11,247,2,100
2020-03-11,248,0,50
2020-03-11,249,2,1000
2020-03-11,250,1,200
2020-03-11,251,0,100
2020-03-11,252,2,100
2020-03-11,253,2,50
2020-03-11,254,2,50
2020-03-11,255,3,10
2020-03-11,256,0,50
2020-03-11,257,2,100
2020-03-11,258,0,1000
2020-03-11,259,3,15
2020-03-11,260,1,50
2020-03-11,261,1,1000
2020-03-11,262,2,200
2020-03-11,263,1,1000
2020-03-11,264,0,10
2020-03-11,265,2,100
2020-03-11,266,3,50
2020-03-11,267,0,10
2020-03-11,268,1,50
2020-03-11,269,2,10
2020-03-11,270,2,200
2020-03-11,271,2,10
2020-03-11,272,0,100
2020-03-11,273,2,200
2020-03-11,274,1,200
2020-03-11,275,2,100
2020-03-11,276,2,50
2020-03-11,277,2,200
2020-03-11,278,0,200
2020-03-11,279,3,100
2020-03-11,280,2,15
2020-03-11,281,2,200
2020-03-11,282,2,10
2020-03-11,283,1,200
2020-03-11,284,0,200
2020-03-11,285,1,50
2020-03-11,286,2,10
2020-03-11,287,3,1000
2020-03-11,288,1,200
2020-03-11,289,0,100
2020-03-11,290,0,15
2020-03-11,291,3,15
2020-03-11,292,0,15
2020-03-11,293,3,50
2020-03-11,294,1,10
2020-03-11,295,2,10
2020-03-11,296,0,50
2020-03-11,297,1,15
2020-03-11,298,0,50
2020-03-11,299,3,10
2020-03-11,300,3,50
2020-03-11,301,2,15
2020-03-11,302,3,1000
2020-03-11,303,0,50
2020-03-11,304,1,1000
2020-03-11,305,2,50
2020-03-11,306,3,100
2020-03-11,307,0,100
2020-03-11,308,3,100
2020-03-11,309,3,1000
2020-03-11,310,0,10
2020-03-11,311,2,200
2020-03-11,312,1,10
2020-03-11,313,3,15
2020-03-11,314,3,100
2020-03-11,315,1,15
2020-03-11,316,2,10
2020-03-11,317,2,200
2020-03-11,318,0,200
2020-03-11,319,3,15
2020-03-11,320,0,200
2020-03-11,321,2,50
2020-03-11,322,2,1000
2020-03-11,323,2,15
2020-03-11,324,1,1000
2020-03-11,325,1,50
2020-03-11,326,1,50
2020-03-11,327,1,100
2020-03-11,328,2,15
2020-03-11,329,2,15
2020-03-11,330,2,1000
2020-03-11,331,2,15
2020-03-11,332,1,50
2020-03-11,333,2,100
2020-03-11,334,2,200
2020-03-11,335,2,10
2020-03-11,336,2,200
2020-03-11,337,3,1000
2020-03-11,338,3,10
2020-03-11,339,0,15
2020-03-11,340,2,15
2020-03-11,341,2,200
2020-03-11,342,2,15
2020-03-11,343,2,10
2020-03-11,344,3,1000
2020-03-11,345,2,15
2020-03-11,346,1,15
2020-03-11,347,2,50
2020-03-11,348,1,1000
2020-03-11,349,3,200
2020-03-11,350,1,1000
2020-03-11,351,0,15
2020-03-11,352,1,1000
2020-03-11,353,0,200
2020-03-11,354,3,100
2020-03-11,355,1,15
2020-03-11,356,0,10
2020-03-11,357,1,200
2020-03-11,358,3,200
2020-03-11,359,0,15
2020-03-11,360,1,100
2020-03-11,361,3,50
2020-03-11,362,3,100
2020-03-11,363,2,1000
2020-03-11,364,2,15
2020-03-11,365,3,50
2020-03-11,366,1,15
2020-03-11,367,0,50
2020-03-11,368,0,15
2020-03-11,369,3,1000
2020-03-11,370,0,50
2020-03-11,371,1,100
2020-03-11,372,0,10
2020-03-11,373,3,15
2020-03-11,374,2,10
2020-03-11,375,1,100
2020-03-11,376,2,10
2020-03-11,377,2,1000
2020-03-11,378,3,15
2020-03-11,379,0,10
2020-03-11,380,2,15
2020-03-11,381,2,100
2020-03-11,382,3,15
2020-03-11,383,0,100
2020-03-11,384,3,100
2020-03-11,385,3,200
2020-03-11,386,0,50
2020-03-11,387,0,200
2020-03-11,388,0,15
2020-03-11,389,0,200
2020-03-11,390,2,10
2020-03-11,391,1,1000
2020-03-11,392,2,10
2020-03-11,393,0,100
2020-03-11,394,2,15
2020-03-11,395,3,15
2020-03-11,396,1,10
2020-03-11,397,2,1000
2020-03-11,398,1,100
2020-03-11,399,3,10
2020-03-11,400,2,1000
2020-03-11,401,2,50
2020-03-11,402,3,10
2020-03-11,403,0,10
2020-03-11,404,3,15
2020-03-11,405,0,15
2020-03-11,406,2,1000
2020-03-11,407,0,100
2020-03-11,408,1,10
2020-03-11,409,1,10
2020-03-11,410,3,10
2020-03-11,411,1,15
2020-03-11,412,3,200
2020-03-11,413,3,10
2020-03-11,414,3,15
2020-03-11,415,0,1000
2020-03-11,416,3,100
2020-03-11,417,2,50
2020-03-11,418,3,15
2020-03-11,419,1,200
2020-03-11,420,2,10
2020-03-11,421,1,10
2020-03-11,422,1,1000
2020-03-11,423,2,1000
2020-03-11,424,2,15
2020-03-11,425,3,100
2020-03-11,426,1,50
2020-03-11,427,0,100
2020-03-11,428,1,15
2020-03-11,429,3,1000
2020-03-11,430,3,50
2020-03-11,431,0,15
2020-03-11,432,1,100
2020-03-11,433,0,50
2020-03-11,434,0,200
2020-03-11,435,1,1000
2020-03-11,436,1,15
2020-03-11,437,0,50
2020-03-11,438,2,15
2020-03-11,439,3,50
2020-03-11,440,0,1000
2020-03-11,441,0,1000
2020-03-11,442,0,100
2020-03-11,443,0,15
2020-03-11,444,3,10
2020-03-11,445,1,1000
2020-03-11,446,0,200
2020-03-11,447,3,15
2020-03-11,448,2,15
2020-03-11,449,0,100
2020-03-11,450,2,50
2020-03-11,451,3,200
2020-03-11,452,0,1000
2020-03-11,453,0,10
2020-03-11,454,2,1000
2020-03-11,455,1,1000
2020-03-11,456,1,1000
2020-03-11,457,2,15
2020-03-11,458,3,200
2020-03-11,459,0,100
2020-03-11,460,3,200
2020-03-11,461,2,1000
2020-03-11,462,2,1000
2020-03-11,463,2,15
2020-03-11,464,2,100
2020-03-11,465,3,50
2020-03-11,466,2,15
2020-03-11,467,2,15
2020-03-11,468,1,200
2020-03-11,469,3,15
2020-03-11,470,0,10
2020-03-11,471,1,10
2020-03-11,472,2,200
2020-03-11,473,3,100
2020-03-11,474,0,50
2020-03-11,475,1,100
2020-03-11,476,0,50
2020-03-11,477,3,50
2020-03-11,478,1,10
2020-03-11,479,2,100
2020-03-11,480,2,1000
2020-03-11,481,2,1000
2020-03-11,482,1,10
2020-03-11,483,2,200
2020-03-11,484,1,15
2020-03-11,485,3,100
2020-03-11,486,3,200
2020-03-11,487,0,200
2020-03-11,488,0,100
2020-03-11,489,1,1000
2020-03-11,490,0,50
2020-03-11,491,1,50
2020-03-11,492,1,50
2020-03-11,493,0,50
2020-03-11,494,2,50
2020-03-11,495,3,1000
2020-03-11,496,3,10
2020-03-11,497,0,10
2020-03-11,498,2,10
2020-03-11,499,0,100
2020-03-11,500,0,100
2020-03-11,501,1,50
2020-03-11,502,0,10
2020-03-11,503,1,10
2020-03-11,504,2,50
2020-03-11,505,1,10
2020-03-11,506,2,50
2020-03-11,507,1,10
2020-03-11,508,1,50
2020-03-11,509,2,1000
2020-03-11,510,0,1000
2020-03-11,511,2,50
2020-03-11,512,1,1000
2020-03-11,513,3,15
2020-03-11,514,2,50
2020-03-11,515,1,100
2020-03-11,516,1,200
2020-03-11,517,1,200
2020-03-11,518,2,1000
2020-03-11,519,3,10
2020-03-11,520,3,100
2020-03-11,521,3,1000
2020-03-11,522,1,10
2020-03-11,523,3,1000
2020-03-11,524,0,15
2020-03-11,525,3,50
2020-03-11,526,3,200
2020-03-11,527,3,1000
2020-03-11,528,2,50
2020-03-11,529,1,200
2020-03-11,530,0,100
2020-03-11,531,1,100
2020-03-11,532,2,1000
2020-03-11,533,3,15
2020-03-11,534,1,200
2020-03-11,535,3,50
2020-03-11,536,3,50
2020-03-11,537,1,10
2020-03-11,538,2,15
2020-03-11,539,3,50
2020-03-11,540,3,50
2020-03-11,541,0,10
2020-03-11,542,3,200
2020-03-11,543,2,50
2020-03-11,544,0,15
2020-03-11,545,2,10
2020-03-11,546,3,100
2020-03-11,547,2,10
2020-03-11,548,1,50
2020-03-11,549,2,10
2020-03-11,550,2,100
2020-03-11,551,0,200
2020-03-11,552,0,200
2020-03-11,553,3,50
2020-03-11,554,1,50
2020-03-11,555,2,50
2020-03-11,556,0,1000
2020-03-11,557,0,50
2020-03-11,558,3,50
2020-03-11,559,2,1000
2020-03-11,560,3,15
2020-03-11,561,0,1000
2020-03-11,562,0,50
2020-03-11,563,1,200
2020-03-11,564,0,1000
2020-03-11,565,0,1000
2020-03-11,566,3,10
2020-03-11,567,1,10
2020-03-11,568,0,10
2020-03-11,569,2,15
2020-03-11,570,3,15
2020-03-11,571,1,10
2020-03-11,572,2,10
2020-03-11,573,1,15
2020-03-11,574,3,10
2020-03-11,575,2,100
2020-03-11,576,3,200
2020-03-11,577,2,200
2020-03-11,578,1,100
2020-03-11,579,3,50
2020-03-11,580,0,1000
2020-03-11,581,0,100
2020-03-11,582,1,15
2020-03-11,583,1,1000
2020-03-11,584,2,100
2020-03-11,585,2,1000
2020-03-11,586,2,100
2020-03-11,587,2,1000
2020-03-11,588,3,200
2020-03-11,589,0,50
2020-03-11,590,3,1000
2020-03-11,591,0,1000
2020-03-11,592,1,15
2020-03-11,593,1,10
2020-03-11,594,0,15
2020-03-11,595,1,200
2020-03-11,596,0,10
2020-03-11,597,3,100
2020-03-11,598,1,15
2020-03-11,599,3,50
2020-03-11,600,1,50
2020-03-11,601,2,50
2020-03-11,602,2,1000
2020-03-11,603,3,10
2020-03-11,604,1,200
2020-03-11,605,1,50
2020-03-11,606,0,10
2020-03-11,607,1,50
2020-03-11,608,3,50
2020-03-11,609,1,100
2020-03-11,610,1,10
2020-03-11,611,3,10
2020-03-11,612,2,1000
2020-03-11,613,2,100
2020-03-11,614,1,10
2020-03-11,615,1,1000
2020-03-11,616,3,50
2020-03-11,617,0,200
2020-03-11,618,3,10
2020-03-11,619,3,10
2020-03-11,620,0,200
2020-03-11,621,0,15
2020-03-11,622,2,10
2020-03-11,623,1,15
2020-03-11,624,1,100
2020-03-11,625,0,10
2020-03-11,626,2,50
2020-03-11,627,1,1000
2020-03-11,628,2,200
2020-03-11,629,0,100
2020-03-11,630,3,1000
2020-03-11,631,1,200
2020-03-11,632,2,100
2020-03-11,633,3,10
2020-03-11,634,0,10
2020-03-11,635,3,1000
2020-03-11,636,0,15
2020-03-11,637,2,10
2020-03-11,638,0,1000
2020-03-11,639,0,100
2020-03-11,640,0,50
2020-03-11,641,2,1000
2020-03-11,642,3,100
2020-03-11,643,2,10
2020-03-11,644,3,1000
2020-03-11,645,2,15
2020-03-11,646,3,200
2020-03-11,647,3,1000
2020-03-11,648,1,10
2020-03-11,649,1,50
2020-03-11,650,3,10
2020-03-11,651,0,15
2020-03-11,652,3,10
2020-03-11,653,3,1000
2020-03-11,654,1,100
2020-03-11,655,0,10
2020-03-11,656,0,10
2020-03-11,657,3,100
2020-03-11,658,3,10
2020-03-11,659,1,200
2020-03-11,660,2,200
2020-03-11,661,2,50
2020-03-11,662,2,100
2020-03-11,663,0,10
2020-03-11,664,0,10
2020-03-11,665,1,10
2020-03-11,666,2,10
2020-03-11,667,0,200
2020-03-11,668,0,100
2020-03-11,669,2,50
2020-03-11,670,1,200
2020-03-11,671,0,200
2020-03-11,672,2,15
2020-03-11,673,2,100
2020-03-11,674,1,200
2020-03-11,675,2,200
2020-03-11,676,2,15
2020-03-11,677,3,50
2020-03-11,678,2,100
2020-03-11,679,0,10
2020-03-11,680,1,100
2020-03-11,681,2,10
2020-03-11,682,0,50
2020-03-11,683,0,100
2020-03-11,684,3,100
2020-03-11,685,3,10
2020-03-11,686,0,15
2020-03-11,687,2,10
2020-03-11,688,1,200
2020-03-11,689,2,15
2020-03-11,690,3,200
2020-03-11,691,3,100
2020-03-11,692,3,1000
2020-03-11,693,2,1000
2020-03-11,694,0,100
2020-03-11,695,3,1000
2020-03-11,696,0,10
2020-03-11,697,0,200
2020-03-11,698,0,15
2020-03-11,699,0,200
2020-03-11,700,1,1000
2020-03-11,701,3,200
2020-03-11,702,2,200
2020-03-11,703,1,1000
2020-03-11,704,3,100
2020-03-11,705,3,200
2020-03-11,706,3,10
2020-03-11,707,1,15
2020-03-11,708,1,200
2020-03-11,709,3,10
2020-03-11,710,3,200
2020-03-11,711,2,200
2020-03-11,712,1,10
2020-03-11,713,1,1000
2020-03-11,714,3,10
2020-03-11,715,2,200
2020-03-11,716,1,50
2020-03-11,717,1,1000
2020-03-11,718,3,15
2020-03-11,719,2,15
2020-03-11,720,0,15
2020-03-11,721,3,10
2020-03-11,722,3,1000
2020-03-11,723,2,15
2020-03-11,724,2,50
2020-03-11,725,3,100
2020-03-11,726,2,15
2020-03-11,727,0,15
2020-03-11,728,2,1000
2020-03-11,729,3,50
2020-03-11,730,0,10
2020-03-11,731,0,15
2020-03-11,732,0,50
2020-03-11,733,1,50
2020-03-11,734,1,50
2020-03-11,735,2,200
2020-03-11,736,0,200
2020-03-11,737,1,200
2020-03-11,738,1,50
2020-03-11,739,3,15
2020-03-11,740,2,50
2020-03-11,741,3,200
2020-03-11,742,2,10
2020-03-11,743,1,100
2020-03-11,744,0,15
2020-03-11,745,3,200
2020-03-11,746,3,15
2020-03-11,747,3,200
2020-03-11,748,3,50
2020-03-11,749,2,50
2020-03-11,750,2,15
2020-03-11,751,3,10
2020-03-11,752,3,1000
2020-03-11,753,1,1000
2020-03-11,754,0,10
2020-03-11,755,1,1000
2020-03-11,756,1,100
2020-03-11,757,0,200
2020-03-11,758,3,200
2020-03-11,759,3,15
2020-03-11,760,2,200
2020-03-11,761,3,100
2020-03-11,762,0,50
2020-03-11,763,1,50
2020-03-11,764,1,50
2020-03-11,765,2,50
2020-03-11,766,0,50
2020-03-11,767,2,50
2020-03-11,768,2,100
2020-03-11,769,1,1000
2020-03-11,770,1,1000
2020-03-11,771,2,200
2020-03-11,772,0,50
2020-03-11,773,0,10
2020-03-11,774,3,200
2020-03-11,775,2,100
2020-03-11,776,2,200
2020-03-11,777,2,100
2020-03-11,778,2,1000
2020-03-11,779,0,1000
2020-03-11,780,2,200
2020-03-11,781,1,200
2020-03-11,782,2,15
2020-03-11,783,1,1000
2020-03-11,784,3,1000
2020-03-11,785,1,200
2020-03-11,786,2,1000
2020-03-11,787,0,15
2020-03-11,788,1,10
2020-03-11,789,2,1000
2020-03-11,790,1,100
2020-03-11,791,3,50
2020-03-11,792,3,50
2020-03-11,793,0,15
2020-03-11,794,0,50
2020-03-11,795,1,100
2020-03-11,796,1,10
2020-03-11,797,1,100
2020-03-11,798,1,50
2020-03-11,799,1,1000
2020-03-11,800,0,50
2020-03-11,801,2,15
2020-03-11,802,3,15
2020-03-11,803,0,10
2020-03-11,804,0,1000
2020-03-11,805,3,200
2020-03-11,806,2,100
2020-03-11,807,0,200
2020-03-11,808,0,200
2020-03-11,809,3,15
2020-03-11,810,3,15
2020-03-11,811,1,100
2020-03-11,812,0,15
2020-03-11,813,3,15
2020-03-11,814,2,100
2020-03-11,815,0,100
2020-03-11,816,2,100
2020-03-11,817,1,50
2020-03-11,818,3,200
2020-03-11,819,1,15
2020-03-11,820,2,50
2020-03-11,821,0,1000
2020-03-11,822,0,1000
2020-03-11,823,0,15
2020-03-11,824,3,15
2020-03-11,825,3,50
2020-03-11,826,0,15
2020-03-11,827,1,10
2020-03-11,828,0,100
2020-03-11,829,2,15
2020-03-11,830,3,1000
2020-03-11,831,0,200
2020-03-11,832,2,1000
2020-03-11,833,1,15
2020-03-11,834,0,50
2020-03-11,835,2,1000
2020-03-11,836,1,1000
2020-03-11,837,2,10
2020-03-11,838,3,100
2020-03-11,839,3,50
2020-03-11,840,3,200
2020-03-11,841,2,15
2020-03-11,842,1,15
2020-03-11,843,2,200
2020-03-11,844,2,200
2020-03-11,845,0,200
2020-03-11,846,1,15
2020-03-11,847,0,100
2020-03-11,848,2,50
2020-03-11,849,0,100
2020-03-11,850,0,1000
2020-03-11,851,0,50
2020-03-11,852,3,100
2020-03-11,853,1,10
2020-03-11,854,3,100
2020-03-11,855,3,200
2020-03-11,856,0,15
2020-03-11,857,0,15
2020-03-11,858,0,200
2020-03-11,859,2,50
2020-03-11,860,3,200
2020-03-11,861,2,200
2020-03-11,862,2,100
2020-03-11,863,0,15
2020-03-11,864,1,200
2020-03-11,865,1,15
2020-03-11,866,1,50
2020-03-11,867,3,10
2020-03-11,868,0,15
2020-03-11,869,1,100
2020-03-11,870,2,200
2020-03-11,871,0,1000
2020-03-11,872,3,1000
2020-03-11,873,3,200
2020-03-11,874,1,1000
2020-03-11,875,3,1000
2020-03-11,876,2,15
2020-03-11,877,2,100
2020-03-11,878,3,50
2020-03-11,879,3,50
2020-03-11,880,2,15
2020-03-11,881,0,10
2020-03-11,882,1,50
2020-03-11,883,2,100
2020-03-11,884,2,10
2020-03-11,885,2,50
2020-03-11,886,0,1000
2020-03-11,887,2,100
2020-03-11,888,1,1000
2020-03-11,889,3,200
2020-03-11,890,3,1000
2020-03-11,891,3,1000
2020-03-11,892,0,15
2020-03-11,893,1,100
2020-03-11,894,3,1000
2020-03-11,895,3,200
2020-03-11,896,3,15
2020-03-11,897,2,50
2020-03-11,898,1,1000
2020-03-11,899,0,100
2020-03-11,900,1,200
2020-03-11,901,3,15
2020-03-11,902,3,100
2020-03-11,903,2,100
2020-03-11,904,1,10
2020-03-11,905,2,10
2020-03-11,906,3,10
2020-03-11,907,1,200
2020-03-11,908,1,15
2020-03-11,909,2,200
2020-03-11,910,2,1000
2020-03-11,911,1,10
2020-03-11,912,2,200
2020-03-11,913,1,100
2020-03-11,914,0,100
2020-03-11,915,1,15
2020-03-11,916,0,100
2020-03-11,917,1,100
2020-03-11,918,3,200
2020-03-11,919,0,200
2020-03-11,920,3,100
2020-03-11,921,2,100
2020-03-11,922,3,1000
2020-03-11,923,2,100
2020-03-11,924,3,10
2020-03-11,925,3,50
2020-03-11,926,1,200
2020-03-11,927,3,10
2020-03-11,928,1,200
2020-03-11,929,0,50
2020-03-11,930,1,1000
2020-03-11,931,0,200
2020-03-11,932,2,50
2020-03-11,933,2,50
2020-03-11,934,2,15
2020-03-11,935,0,200
2020-03-11,936,1,50
2020-03-11,937,2,200
2020-03-11,938,2,1000
2020-03-11,939,3,100
2020-03-11,940,1,50
2020-03-11,941,1,10
2020-03-11,942,0,1000
2020-03-11,943,2,15
2020-03-11,944,3,1000
2020-03-11,945,1,10
2020-03-11,946,1,200
2020-03-11,947,0,15
2020-03-11,948,0,200
2020-03-11,949,0,100
2020-03-11,950,0,10
2020-03-11,951,1,10
2020-03-11,952,1,50
2020-03-11,953,1,200
2020-03-11,954,3,100
2020-03-11,955,3,100
2020-03-11,956,2,50
2020-03-11,957,3,200
2020-03-11,958,2,50
2020-03-11,959,1,200
2020-03-11,960,2,1000
2020-03-11,961,2,100
2020-03-11,962,0,100
2020-03-11,963,2,10
2020-03-11,964,2,10
2020-03-11,965,2,100
2020-03-11,966,2,1000
2020-03-11,967,1,15
2020-03-11,968,1,100
2020-03-11,969,2,100
2020-03-11,970,0,1000
2020-03-11,971,1,200
2020-03-11,972,1,15
2020-03-11,973,3,200
2020-03-11,974,0,50
2020-03-11,975,2,200
2020-03-11,976,3,15
2020-03-11,977,0,1000
2020-03-11,978,0,1000
2020-03-11,979,3,10
2020-03-11,980,0,10
2020-03-11,981,3,50
2020-03-11,982,3,1000
2020-03-11,983,1,15
2020-03-11,984,1,100
2020-03-11,985,2,200
2020-03-11,986,0,50
2020-03-11,987,0,50
2020-03-11,988,2,200
2020-03-11,989,1,15
2020-03-11,990,3,1000
2020-03-11,991,3,50
2020-03-11,992,1,50
2020-03-11,993,3,200
2020-03-11,994,0,50
2020-03-11,995,0,100
2020-03-11,996,3,50
2020-03-11,997,2,10
2020-03-11,998,2,1000
2020-03-11,999,3,200
2020-03-11,1000,1,10
2020-03-11,1001,3,1000
2020-03-11,1002,0,15
2020-03-11,1003,3,15
2020-03-11,1004,2,15
2020-03-11,1005,0,10
2020-03-11,1006,1,1000
2020-03-11,1007,3,10
2020-03-11,1008,1,10
2020-03-11,1009,2,15
2020-03-11,1010,0,100
2020-03-11,1011,2,50
2020-03-11,1012,0,1000
2020-03-11,1013,2,200
2020-03-11,1014,2,100
2020-03-11,1015,2,200
2020-03-11,1016,3,10
2020-03-11,1017,3,100
2020-03-11,1018,0,15
2020-03-11,1019,1,15
2020-03-11,1020,2,15
2020-03-11,1021,1,10
2020-03-11,1022,1,200
2020-03-11,1023,2,200
2020-03-11,1024,0,100
2020-03-11,1025,1,200
2020-03-11,1026,3,200
2020-03-11,1027,0,100
2020-03-11,1028,1,200
2020-03-11,1029,1,200
2020-03-11,1030,0,50
2020-03-11,1031,3,15
2020-03-11,1032,2,1000
2020-03-11,1033,1,10
2020-03-11,1034,2,200
2020-03-11,1035,1,100
2020-03-11,1036,0,1000
2020-03-11,1037,1,1000
2020-03-11,1038,0,1000
2020-03-11,1039,2,50
2020-03-11,1040,1,1000
2020-03-11,1041,1,200
2020-03-11,1042,2,100
2020-03-11,1043,1,50
2020-03-11,1044,1,15
2020-03-11,1045,0,50
2020-03-11,1046,2,200
2020-03-11,1047,2,200
2020-03-11,1048,3,10
2020-03-11,1049,0,50
2020-03-11,1050,0,10
2020-03-11,1051,1,10
2020-03-11,1052,3,100
2020-03-11,1053,0,1000
2020-03-11,1054,1,1000
2020-03-11,1055,0,1000
2020-03-11,1056,3,15
2020-03-11,1057,1,100
2020-03-11,1058,2,200
2020-03-11,1059,3,15
2020-03-11,1060,1,1000
2020-03-11,1061,1,100
2020-03-11,1062,3,15
2020-03-11,1063,2,50
2020-03-11,1064,0,15
2020-03-11,1065,1,15
2020-03-11,1066,2,10
2020-03-11,1067,2,100
2020-03-11,1068,3,1000
2020-03-11,1069,2,1000
2020-03-11,1070,3,100
2020-03-11,1071,0,1000
2020-03-11,1072,0,50
2020-03-11,1073,3,1000
2020-03-11,1074,3,100
2020-03-11,1075,0,200
2020-03-11,1076,3,50
2020-03-11,1077,0,200
2020-03-11,1078,1,15
2020-03-11,1079,0,200
2020-03-11,1080,1,100
2020-03-11,1081,0,15
2020-03-11,1082,0,50
2020-03-11,1083,3,100
2020-03-11,1084,2,200
2020-03-11,1085,2,1000
2020-03-11,1086,1,15
2020-03-11,1087,1,1000
2020-03-11,1088,0,15
2020-03-11,1089,1,1000
2020-03-11,1090,0,15
2020-03-11,1091,2,50
2020-03-11,1092,1,1000
2020-03-11,1093,2,100
2020-03-11,1094,2,100
2020-03-11,1095,3,1000
2020-03-11,1096,2,100
2020-03-11,1097,0,15
2020-03-11,1098,1,200
2020-03-11,1099,2,10
