2020-03-12,100,0,90
2020-03-12,101,3,10
2020-03-12,102,1,90
2020-03-12,103,1,50
2020-03-12,104,1,20
2020-03-12,105,1,20
2020-03-12,106,3,10
2020-03-12,107,2,15
2020-03-12,108,1,50
2020-03-12,109,1,20
2020-03-12,110,0,80
2020-03-12,111,1,10
2020-03-12,112,2,80
2020-03-12,113,3,15
2020-03-12,114,1,90
2020-03-12,115,1,20
2020-03-12,116,3,20
2020-03-12,117,0,50
2020-03-12,118,1,15
2020-03-12,119,1,15
2020-03-12,120,3,20
2020-03-12,121,0,15
2020-03-12,122,3,10
2020-03-12,123,1,20
2020-03-12,124,2,50
2020-03-12,125,3,80
2020-03-12,126,2,50
2020-03-12,127,0,20
2020-03-12,128,2,10
2020-03-12,129,0,10
2020-03-12,130,0,80
2020-03-12,131,0,90
2020-03-12,132,0,15
2020-03-12,133,2,80
2020-03-12,134,2,50
2020-03-12,135,0,10
2020-03-12,136,3,80
2020-03-12,137,3,50
2020-03-12,138,0,50
2020-03-12,139,3,20
2020-03-12,140,1,20
2020-03-12,141,0,20
2020-03-12,142,3,80
2020-03-12,143,0,50
2020-03-12,144,2,15
2020-03-12,145,3,90
2020-03-12,146,0,20
2020-03-12,147,0,10
2020-03-12,148,1,90
2020-03-12,149,3,20
2020-03-12,150,0,10
2020-03-12,151,0,15
2020-03-12,152,2,90
2020-03-12,153,0,50
2020-03-12,154,1,50
2020-03-12,155,2,90
2020-03-12,156,2,15
2020-03-12,157,0,15
2020-03-12,158,3,90
2020-03-12,159,3,20
2020-03-12,160,0,80
2020-03-12,161,3,80
2020-03-12,162,2,90
2020-03-12,163,2,50
2020-03-12,164,1,90
2020-03-12,165,1,20
2020-03-12,166,2,20
2020-03-12,167,1,80
2020-03-12,168,3,15
2020-03-12,169,1,10
2020-03-12,170,0,80
2020-03-12,171,1,10
2020-03-12,172,0,10
2020-03-12,173,3,80
2020-03-12,174,0,80
2020-03-12,175,3,50
2020-03-12,176,3,20
2020-03-12,177,1,15
2020-03-12,178,0,90
2020-03-12,179,3,90
2020-03-12,180,0,50
2020-03-12,181,0,80
2020-03-12,182,3,50
2020-03-12,183,1,10
2020-03-12,184,2,20
2020-03-12,185,1,90
2020-03-12,186,2,20
2020-03-12,187,1,50
2020-03-12,188,0,50
2020-03-12,189,1,50
2020-03-12,190,1,80
2020-03-12,191,0,10
2020-03-12,192,1,15
2020-03-12,193,2,10
2020-03-12,194,1,80
2020-03-12,195,1,15
2020-03-12,196,2,15
2020-03-12,197,3,50
2020-03-12,198,1,80
2020-03-12,199,1,90
2020-03-12,200,1,10
2020-03-12,201,0,15
2020-03-12,202,2,15
2020-03-12,203,1,15
2020-03-12,204,1,90
2020-03-12,205,2,50
2020-03-12,206,2,10
2020-03-12,207,2,20
2020-03-12,208,3,15
2020-03-12,209,1,10
2020-03-12,210,1,80
2020-03-12,211,1,15
2020-03-12,212,0,10
2020-03-12,213,3,80
2020-03-12,214,3,10
2020-03-12,215,0,15
2020-03-12,216,0,10
2020-03-12,217,0,90
2020-03-12,218,3,90
2020-03-12,219,3,80
2020-03-12,220,1,20
2020-03-12,221,3,80
2020-03-12,222,2,90
2020-03-12,223,2,15
2020-03-12,224,3,10
2020-03-12,225,3,80
2020-03-12,226,3,15
2020-03-12,227,3,90
2020-03-12,228,0,20
2020-03-12,229,2,15
2020-03-12,230,0,90
2020-03-12,231,1,20
2020-03-12,232,0,90
2020-03-12,233,2,15
2020-03-12,234,2,50
2020-03-12,235,3,15
2020-03-12,236,0,10
2020-03-12,237,2,90
2020-03-12,238,3,90
2020-03-12,239,0,90
2020-03-12,240,0,15
2020-03-12,241,2,50
2020-03-12,242,3,20
2020-03-12,243,3,50
2020-03-12,244,3,20
2020-03-12,245,1,15
2020-03-12,246,0,90
2020-03-12,247,1,90
2020-03-12,248,1,80
2020-03-12,249,3,15
2020-03-12,250,1,50
2020-03-12,251,2,80
2020-03-12,252,2,15
2020-03-12,253,3,20
2020-03-12,254,0,20
2020-03-12,255,3,10
2020-03-12,256,0,20
2020-03-12,257,3,20
2020-03-12,258,3,50
2020-03-12,259,1,20
2020-03-12,260,1,90
2020-03-12,261,1,10
2020-03-12,262,2,50
2020-03-12,263,3,10
2020-03-12,264,3,10
2020-03-12,265,3,15
2020-03-12,266,3,15
2020-03-12,267,2,10
2020-03-12,268,1,15
2020-03-12,269,3,20
2020-03-12,270,3,50
2020-03-12,271,3,10
2020-03-12,272,1,20
2020-03-12,273,0,80
2020-03-12,274,1,80
2020-03-12,275,0,50
2020-03-12,276,3,15
2020-03-12,277,3,50
2020-03-12,278,2,50
2020-03-12,279,1,90
2020-03-12,280,1,80
2020-03-12,281,3,80
2020-03-12,282,1,20
2020-03-12,283,1,15
2020-03-12,284,3,90
2020-03-12,285,3,20
2020-03-12,286,2,80
2020-03-12,287,1,10
2020-03-12,288,3,10
2020-03-12,289,2,90
2020-03-12,290,2,90
2020-03-12,291,0,80
2020-03-12,292,0,10
2020-03-12,293,3,90
2020-03-12,294,2,50
2020-03-12,295,2,20
2020-03-12,296,2,10
2020-03-12,297,1,90
2020-03-12,298,1,90
2020-03-12,299,1,15
2020-03-12,300,2,90
2020-03-12,301,1,20
2020-03-12,302,2,20
2020-03-12,303,3,90
2020-03-12,304,1,20
2020-03-12,305,2,90
2020-03-12,306,2,50
2020-03-12,307,1,80
2020-03-12,308,0,50
2020-03-12,309,2,15
2020-03-12,310,0,80
2020-03-12,311,3,15
2020-03-12,312,3,90
2020-03-12,313,1,15
2020-03-12,314,1,20
2020-03-12,315,2,90
2020-03-12,316,2,90
2020-03-12,317,1,50
2020-03-12,318,3,50
2020-03-12,319,1,15
2020-03-12,320,1,10
2020-03-12,321,3,50
2020-03-12,322,0,50
2020-03-12,323,3,10
2020-03-12,324,0,20
2020-03-12,325,3,10
2020-03-12,326,2,50
2020-03-12,327,1,10
2020-03-12,328,0,20
2020-03-12,329,0,90
2020-03-12,330,3,80
2020-03-12,331,0,90
2020-03-12,332,1,15
2020-03-12,333,3,90
2020-03-12,334,3,15
2020-03-12,335,3,50
2020-03-12,336,0,20
2020-03-12,337,2,50
2020-03-12,338,1,15
2020-03-12,339,2,15
2020-03-12,340,2,20
2020-03-12,341,0,20
2020-03-12,342,1,80
2020-03-12,343,3,20
2020-03-12,344,0,20
2020-03-12,345,0,10
2020-03-12,346,2,50
2020-03-12,347,3,80
2020-03-12,348,1,90
2020-03-12,349,0,80
2020-03-12,350,2,80
2020-03-12,351,3,20
2020-03-12,352,1,10
2020-03-12,353,3,10
2020-03-12,354,1,50
2020-03-12,355,0,80
2020-03-12,356,3,80
2020-03-12,357,1,80
2020-03-12,358,1,20
2020-03-12,359,1,20
2020-03-12,360,2,15
2020-03-12,361,2,20
2020-03-12,362,3,80
2020-03-12,363,3,20
2020-03-12,364,2,10
2020-03-12,365,1,80
2020-03-12,366,2,50
2020-03-12,367,3,20
2020-03-12,368,1,90
2020-03-12,369,2,10
2020-03-12,370,3,50
2020-03-12,371,2,80
2020-03-12,372,1,20
2020-03-12,373,2,10
2020-03-12,374,2,80
2020-03-12,375,2,90
2020-03-12,376,3,10
2020-03-12,377,3,80
2020-03-12,378,0,15
2020-03-12,379,0,80
2020-03-12,380,1,15
2020-03-12,381,0,80
2020-03-12,382,3,50
2020-03-12,383,3,50
2020-03-12,384,3,90
2020-03-12,385,2,10
2020-03-12,386,3,80
2020-03-12,387,2,90
2020-03-12,388,0,80
2020-03-12,389,2,15
2020-03-12,390,0,15
2020-03-12,391,0,50
2020-03-12,392,2,10
2020-03-12,393,3,90
2020-03-12,394,0,90
2020-03-12,395,1,50
2020-03-12,396,1,20
2020-03-12,397,0,50
2020-03-12,398,3,10
2020-03-12,399,3,50
2020-03-12,400,0,80
2020-03-12,401,2,90
2020-03-12,402,2,10
2020-03-12,403,0,80
2020-03-12,404,3,80
2020-03-12,405,0,10
2020-03-12,406,3,90
2020-03-12,407,2,10
2020-03-12,408,2,20
2020-03-12,409,2,50
2020-03-12,410,1,20
2020-03-12,411,1,90
2020-03-12,412,0,20
2020-03-12,413,1,10
2020-03-12,414,3,50
2020-03-12,415,3,20
2020-03-12,416,2,20
2020-03-12,417,1,80
2020-03-12,418,1,15
2020-03-12,419,0,10
2020-03-12,420,1,80
2020-03-12,421,1,80
2020-03-12,422,2,90
2020-03-12,423,1,80
2020-03-12,424,2,15
2020-03-12,425,0,20
2020-03-12,426,0,15
2020-03-12,427,2,90
2020-03-12,428,2,80
2020-03-12,429,0,50
2020-03-12,430,3,20
2020-03-12,431,1,15
2020-03-12,432,0,20
2020-03-12,433,1,10
2020-03-12,434,1,50
2020-03-12,435,3,90
2020-03-12,436,1,20
2020-03-12,437,0,90
2020-03-12,438,0,20
2020-03-12,439,2,80
2020-03-12,440,2,20
2020-03-12,441,0,90
2020-03-12,442,1,20
2020-03-12,443,0,20
2020-03-12,444,3,15
2020-03-12,445,1,15
2020-03-12,446,3,80
2020-03-12,447,2,15
2020-03-12,448,1,50
2020-03-12,449,1,20
2020-03-12,450,2,10
2020-03-12,451,1,80
2020-03-12,452,1,90
2020-03-12,453,1,80
2020-03-12,454,2,90
2020-03-12,455,0,10
2020-03-12,456,0,15
2020-03-12,457,1,50
2020-03-12,458,3,80
2020-03-12,459,0,50
2020-03-12,460,1,80
2020-03-12,461,3,20
2020-03-12,462,1,15
2020-03-12,463,3,10
2020-03-12,464,1,20
2020-03-12,465,1,90
2020-03-12,466,1,80
2020-03-12,467,1,15
2020-03-12,468,0,80
2020-03-12,469,3,10
2020-03-12,470,1,80
2020-03-12,471,0,90
2020-03-12,472,0,20
2020-03-12,473,3,50
2020-03-12,474,1,15
2020-03-12,475,2,15
2020-03-12,476,1,80
2020-03-12,477,0,90
2020-03-12,478,2,20
2020-03-12,479,3,15
2020-03-12,480,3,15
2020-03-12,481,1,20
2020-03-12,482,0,80
2020-03-12,483,0,10
2020-03-12,484,0,10
2020-03-12,485,1,15
2020-03-12,486,3,50
2020-03-12,487,0,90
2020-03-12,488,2,80
2020-03-12,489,2,80
2020-03-12,490,2,10
2020-03-12,491,3,10
2020-03-12,492,2,90
2020-03-12,493,3,20
2020-03-12,494,3,20
2020-03-12,495,2,50
2020-03-12,496,0,15
2020-03-12,497,2,80
2020-03-12,498,3,20
2020-03-12,499,0,10
2020-03-12,500,2,90
2020-03-12,501,1,20
2020-03-12,502,2,50
2020-03-12,503,2,20
2020-03-12,504,0,10
2020-03-12,505,0,15
2020-03-12,506,2,50
2020-03-12,507,2,15
2020-03-12,508,1,80
2020-03-12,509,3,80
2020-03-12,510,1,20
2020-03-12,511,3,50
2020-03-12,512,3,50
2020-03-12,513,1,80
2020-03-12,514,2,10
2020-03-12,515,1,80
2020-03-12,516,0,80
2020-03-12,517,3,10
2020-03-12,518,2,10
2020-03-12,519,1,15
2020-03-12,520,3,80
2020-03-12,521,0,80
2020-03-12,522,2,20
2020-03-12,523,1,15
2020-03-12,524,2,15
2020-03-12,525,1,80
2020-03-12,526,0,10
2020-03-12,527,2,90
2020-03-12,528,2,10
2020-03-12,529,3,90
2020-03-12,530,3,50
2020-03-12,531,3,80
2020-03-12,532,3,80
2020-03-12,533,0,20
2020-03-12,534,3,10
2020-03-12,535,1,90
2020-03-12,536,0,50
2020-03-12,537,1,90
2020-03-12,538,2,15
2020-03-12,539,0,10
2020-03-12,540,3,80
2020-03-12,541,3,10
2020-03-12,542,2,10
2020-03-12,543,3,80
2020-03-12,544,1,50
2020-03-12,545,3,15
2020-03-12,546,2,10
2020-03-12,547,1,80
2020-03-12,548,2,90
2020-03-12,549,2,80
2020-03-12,550,1,10
2020-03-12,551,3,15
2020-03-12,552,0,50
2020-03-12,553,2,90
2020-03-12,554,0,50
2020-03-12,555,3,15
2020-03-12,556,3,10
2020-03-12,557,2,50
2020-03-12,558,2,90
2020-03-12,559,3,20
2020-03-12,560,0,90
2020-03-12,561,3,15
2020-03-12,562,3,50
2020-03-12,563,3,50
2020-03-12,564,2,90
2020-03-12,565,2,20
2020-03-12,566,1,80
2020-03-12,567,3,20
2020-03-12,568,2,80
2020-03-12,569,3,90
2020-03-12,570,0,90
2020-03-12,571,2,90
2020-03-12,572,0,80
2020-03-12,573,1,90
2020-03-12,574,1,90
2020-03-12,575,0,80
2020-03-12,576,3,80
2020-03-12,577,1,90
2020-03-12,578,3,50
2020-03-12,579,1,10
2020-03-12,580,3,50
2020-03-12,581,0,20
2020-03-12,582,1,90
2020-03-12,583,1,20
2020-03-12,584,0,50
2020-03-12,585,2,80
2020-03-12,586,2,20
2020-03-12,587,3,10
2020-03-12,588,0,20
2020-03-12,589,2,90
2020-03-12,590,3,90
2020-03-12,591,1,10
2020-03-12,592,0,90
2020-03-12,593,1,10
2020-03-12,594,1,15
2020-03-12,595,1,10
2020-03-12,596,3,10
2020-03-12,597,0,50
2020-03-12,598,1,20
2020-03-12,599,0,50
2020-03-12,600,0,50
2020-03-12,601,2,10
2020-03-12,602,0,90
2020-03-12,603,0,50
2020-03-12,604,2,20
2020-03-12,605,3,90
2020-03-12,606,3,10
2020-03-12,607,1,20
2020-03-12,608,1,20
2020-03-12,609,1,50
2020-03-12,610,3,80
2020-03-12,611,0,50
2020-03-12,612,3,90
2020-03-12,613,1,20
2020-03-12,614,2,10
2020-03-12,615,3,80
2020-03-12,616,0,20
2020-03-12,617,2,80
2020-03-12,618,1,50
2020-03-12,619,2,10
2020-03-12,620,2,20
2020-03-12,621,0,90
2020-03-12,622,0,50
2020-03-12,623,0,90
2020-03-12,624,3,90
2020-03-12,625,2,50
2020-03-12,626,1,10
2020-03-12,627,0,20
2020-03-12,628,0,20
2020-03-12,629,2,90
2020-03-12,630,3,90
2020-03-12,631,0,20
2020-03-12,632,3,80
2020-03-12,633,0,15
2020-03-12,634,0,50
2020-03-12,635,1,15
2020-03-12,636,3,15
2020-03-12,637,2,20
2020-03-12,638,2,80
2020-03-12,639,1,10
2020-03-12,640,2,10
2020-03-12,641,0,15
2020-03-12,642,2,90
2020-03-12,643,0,10
2020-03-12,644,3,20
2020-03-12,645,1,20
2020-03-12,646,1,20
2020-03-12,647,0,20
2020-03-12,648,0,15
2020-03-12,649,2,10
2020-03-12,650,1,80
2020-03-12,651,1,15
2020-03-12,652,0,80
2020-03-12,653,0,80
2020-03-12,654,0,50
2020-03-12,655,0,90
2020-03-12,656,1,10
2020-03-12,657,1,50
2020-03-12,658,0,20
2020-03-12,659,0,15
2020-03-12,660,3,50
2020-03-12,661,2,50
2020-03-12,662,1,90
2020-03-12,663,1,80
2020-03-12,664,2,50
2020-03-12,665,3,90
2020-03-12,666,3,20
2020-03-12,667,1,15
2020-03-12,668,3,15
2020-03-12,669,1,15
2020-03-12,670,0,10
2020-03-12,671,3,20
2020-03-12,672,0,10
2020-03-12,673,1,20
2020-03-12,674,2,15
2020-03-12,675,3,50
2020-03-12,676,3,50
2020-03-12,677,2,90
2020-03-12,678,3,80
2020-03-12,679,2,90
2020-03-12,680,1,10
2020-03-12,681,1,80
2020-03-12,682,3,50
2020-03-12,683,1,90
2020-03-12,684,1,80
2020-03-12,685,2,15
2020-03-12,686,1,90
2020-03-12,687,1,50
2020-03-12,688,0,10
2020-03-12,689,1,90
2020-03-12,690,0,50
2020-03-12,691,1,90
2020-03-12,692,3,10
2020-03-12,693,3,15
2020-03-12,694,3,80
2020-03-12,695,1,15
2020-03-12,696,0,15
2020-03-12,697,2,80
2020-03-12,698,0,50
2020-03-12,699,3,15
2020-03-12,700,2,20
2020-03-12,701,1,20
2020-03-12,702,1,50
2020-03-12,703,2,15
2020-03-12,704,0,10
2020-03-12,705,2,20
2020-03-12,706,0,15
2020-03-12,707,1,50
2020-03-12,708,3,10
2020-03-12,709,0,20
2020-03-12,710,2,90
2020-03-12,711,0,80
2020-03-12,712,2,50
2020-03-12,713,2,50
2020-03-12,714,3,10
2020-03-12,715,3,90
2020-03-12,716,3,20
2020-03-12,717,0,80
2020-03-12,718,3,50
2020-03-12,719,3,90
2020-03-12,720,0,20
2020-03-12,721,1,20
2020-03-12,722,2,20
2020-03-12,723,3,15
2020-03-12,724,3,10
2020-03-12,725,3,90
2020-03-12,726,3,20
2020-03-12,727,1,90
2020-03-12,728,0,15
2020-03-12,729,2,90
2020-03-12,730,1,15
2020-03-12,731,1,50
2020-03-12,732,3,90
2020-03-12,733,3,80
2020-03-12,734,3,80
2020-03-12,735,1,90
2020-03-12,736,3,20
2020-03-12,737,1,90
2020-03-12,738,0,90
2020-03-12,739,3,15
2020-03-12,740,1,80
2020-03-12,741,3,90
2020-03-12,742,3,90
2020-03-12,743,2,50
2020-03-12,744,1,50
2020-03-12,745,1,20
2020-03-12,746,2,20
2020-03-12,747,2,90
2020-03-12,748,1,10
2020-03-12,749,0,50
2020-03-12,750,3,50
2020-03-12,751,0,50
2020-03-12,752,1,20
2020-03-12,753,3,20
2020-03-12,754,0,10
2020-03-12,755,2,90
2020-03-12,756,3,80
2020-03-12,757,3,20
2020-03-12,758,3,15
2020-03-12,759,2,20
2020-03-12,760,0,15
2020-03-12,761,2,50
2020-03-12,762,1,20
2020-03-12,763,2,20
2020-03-12,764,2,15
2020-03-12,765,1,15
2020-03-12,766,2,80
2020-03-12,767,0,20
2020-03-12,768,1,80
2020-03-12,769,0,15
2020-03-12,770,2,90
2020-03-12,771,2,20
2020-03-12,772,0,15
2020-03-12,773,1,10
2020-03-12,774,1,10
2020-03-12,775,3,10
2020-03-12,776,3,15
2020-03-12,777,0,90
2020-03-12,778,3,20
2020-03-12,779,1,20
2020-03-12,780,0,90
2020-03-12,781,0,90
2020-03-12,782,1,10
2020-03-12,783,1,50
2020-03-12,784,2,50
2020-03-12,785,0,10
2020-03-12,786,3,15
2020-03-12,787,0,20
2020-03-12,788,3,15
2020-03-12,789,1,20
2020-03-12,790,3,15
2020-03-12,791,1,90
2020-03-12,792,2,80
2020-03-12,793,1,10
2020-03-12,794,3,20
2020-03-12,795,0,90
2020-03-12,796,3,20
2020-03-12,797,0,15
2020-03-12,798,3,20
2020-03-12,799,2,50
2020-03-12,800,1,50
2020-03-12,801,3,15
2020-03-12,802,0,90
2020-03-12,803,3,15
2020-03-12,804,2,90
2020-03-12,805,2,10
2020-03-12,806,1,90
2020-03-12,807,1,50
2020-03-12,808,3,80
2020-03-12,809,2,50
2020-03-12,810,3,90
2020-03-12,811,1,15
2020-03-12,812,3,20
2020-03-12,813,2,90
2020-03-12,814,0,10
2020-03-12,815,3,90
2020-03-12,816,0,90
2020-03-12,817,1,20
2020-03-12,818,0,50
2020-03-12,819,0,20
2020-03-12,820,1,20
2020-03-12,821,3,10
2020-03-12,822,2,90
2020-03-12,823,1,50
2020-03-12,824,0,15
2020-03-12,825,0,10
2020-03-12,826,1,90
2020-03-12,827,0,15
2020-03-12,828,1,50
2020-03-12,829,3,50
2020-03-12,830,0,80
2020-03-12,831,0,10
2020-03-12,832,0,15
2020-03-12,833,0,90
2020-03-12,834,2,80
2020-03-12,835,1,20
2020-03-12,836,1,90
2020-03-12,837,0,10
2020-03-12,838,2,15
2020-03-12,839,1,80
2020-03-12,840,0,80
2020-03-12,841,3,90
2020-03-12,842,1,20
2020-03-12,843,3,50
2020-03-12,844,2,80
2020-03-12,845,3,50
2020-03-12,846,1,15
2020-03-12,847,2,80
2020-03-12,848,3,90
2020-03-12,849,3,15
2020-03-12,850,1,15
2020-03-12,851,3,50
2020-03-12,852,0,15
2020-03-12,853,0,15
2020-03-12,854,3,50
2020-03-12,855,3,80
2020-03-12,856,2,80
2020-03-12,857,1,90
2020-03-12,858,1,20
2020-03-12,859,0,80
2020-03-12,860,2,15
2020-03-12,861,2,50
2020-03-12,862,2,90
2020-03-12,863,0,20
2020-03-12,864,2,90
2020-03-12,865,3,20
2020-03-12,866,2,20
2020-03-12,867,1,80
2020-03-12,868,2,50
2020-03-12,869,1,15
2020-03-12,870,0,50
2020-03-12,871,2,10
2020-03-12,872,3,50
2020-03-12,873,2,15
2020-03-12,874,2,80
2020-03-12,875,3,50
2020-03-12,876,0,10
2020-03-12,877,1,80
2020-03-12,878,3,90
2020-03-12,879,1,10
2020-03-12,880,2,15
2020-03-12,881,2,20
2020-03-12,882,1,20
2020-03-12,883,1,50
2020-03-12,884,2,15
2020-03-12,885,1,10
2020-03-12,886,2,10
2020-03-12,887,1,20
2020-03-12,888,1,50
2020-03-12,889,2,90
2020-03-12,890,2,50
2020-03-12,891,3,15
2020-03-12,892,1,20
2020-03-12,893,3,10
2020-03-12,894,1,20
2020-03-12,895,1,15
2020-03-12,896,0,90
2020-03-12,897,0,90
2020-03-12,898,2,10
2020-03-12,899,1,50
2020-03-12,900,0,80
2020-03-12,901,2,15
2020-03-12,902,2,20
2020-03-12,903,2,90
2020-03-12,904,2,10
2020-03-12,905,0,10
2020-03-12,906,0,10
2020-03-12,907,1,50
2020-03-12,908,2,20
2020-03-12,909,1,20
2020-03-12,910,0,90
2020-03-12,911,2,90
2020-03-12,912,3,80
2020-03-12,913,2,20
2020-03-12,914,3,90
2020-03-12,915,3,15
2020-03-12,916,0,20
2020-03-12,917,0,90
2020-03-12,918,2,10
2020-03-12,919,1,50
2020-03-12,920,1,15
2020-03-12,921,1,50
2020-03-12,922,0,15
2020-03-12,923,1,10
2020-03-12,924,3,10
2020-03-12,925,0,80
2020-03-12,926,0,20
2020-03-12,927,2,20
2020-03-12,928,1,90
2020-03-12,929,0,15
2020-03-12,930,0,90
2020-03-12,931,3,80
2020-03-12,932,3,10
2020-03-12,933,2,80
2020-03-12,934,3,50
2020-03-12,935,2,15
2020-03-12,936,3,15
2020-03-12,937,2,90
2020-03-12,938,2,20
2020-03-12,939,3,90
2020-03-12,940,2,80
2020-03-12,941,3,50
2020-03-12,942,1,80
2020-03-12,943,1,90
2020-03-12,944,3,10
2020-03-12,945,3,80
2020-03-12,946,0,20
2020-03-12,947,1,50
2020-03-12,948,0,80
2020-03-12,949,0,50
2020-03-12,950,3,80
2020-03-12,951,2,50
2020-03-12,952,0,10
2020-03-12,953,0,80
2020-03-12,954,1,10
2020-03-12,955,0,10
2020-03-12,956,1,10
2020-03-12,957,2,10
2020-03-12,958,1,10
2020-03-12,959,1,15
2020-03-12,960,2,15
2020-03-12,961,0,50
2020-03-12,962,2,80
2020-03-12,963,3,50
2020-03-12,964,0,90
2020-03-12,965,2,80
2020-03-12,966,2,80
2020-03-12,967,0,20
2020-03-12,968,0,50
2020-03-12,969,1,15
2020-03-12,970,3,90
2020-03-12,971,1,50
2020-03-12,972,3,90
2020-03-12,973,0,50
2020-03-12,974,2,15
2020-03-12,975,2,10
2020-03-12,976,0,10
2020-03-12,977,0,15
2020-03-12,978,3,90
2020-03-12,979,1,80
2020-03-12,980,2,10
2020-03-12,981,2,15
2020-03-12,982,3,20
2020-03-12,983,0,90
2020-03-12,984,0,15
2020-03-12,985,2,80
2020-03-12,986,1,80
2020-03-12,987,3,10
2020-03-12,988,2,80
2020-03-12,989,2,80
2020-03-12,990,1,90
2020-03-12,991,2,50
2020-03-12,992,2,50
2020-03-12,993,1,50
2020-03-12,994,0,15
2020-03-12,995,2,50
2020-03-12,996,0,10
2020-03-12,997,0,90
2020-03-12,998,1,20
2020-03-12,999,0,50
2020-03-12,1000,3,80
2020-03-12,1001,0,20
2020-03-12,1002,0,10
2020-03-12,1003,0,80
2020-03-12,1004,0,80
2020-03-12,1005,1,90
2020-03-12,1006,1,15
2020-03-12,1007,1,15
2020-03-12,1008,2,10
2020-03-12,1009,0,90
2020-03-12,1010,0,80
2020-03-12,1011,1,90
2020-03-12,1012,1,50
2020-03-12,1013,0,90
2020-03-12,1014,3,10
2020-03-12,1015,3,15
2020-03-12,1016,2,50
2020-03-12,1017,2,10
2020-03-12,1018,1,20
2020-03-12,1019,2,90
2020-03-12,1020,1,15
2020-03-12,1021,2,80
2020-03-12,1022,3,10
2020-03-12,1023,0,80
2020-03-12,1024,1,20
2020-03-12,1025,2,50
2020-03-12,1026,3,80
2020-03-12,1027,3,90
2020-03-12,1028,3,20
2020-03-12,1029,0,50
2020-03-12,1030,2,80
2020-03-12,1031,2,20
2020-03-12,1032,3,20
2020-03-12,1033,0,20
2020-03-12,1034,0,80
2020-03-12,1035,2,80
2020-03-12,1036,3,10
2020-03-12,1037,3,15
2020-03-12,1038,3,90
2020-03-12,1039,2,20
2020-03-12,1040,0,10
2020-03-12,1041,1,10
2020-03-12,1042,3,80
2020-03-12,1043,2,80
2020-03-12,1044,0,50
2020-03-12,1045,3,90
2020-03-12,1046,0,90
2020-03-12,1047,2,10
2020-03-12,1048,0,20
2020-03-12,1049,2,80
2020-03-12,1050,1,20
2020-03-12,1051,1,10
2020-03-12,1052,3,90
2020-03-12,1053,0,20
2020-03-12,1054,3,20
2020-03-12,1055,1,80
2020-03-12,1056,1,80
2020-03-12,1057,3,80
2020-03-12,1058,1,20
2020-03-12,1059,1,80
2020-03-12,1060,2,20
2020-03-12,1061,0,10
2020-03-12,1062,0,20
2020-03-12,1063,0,15
2020-03-12,1064,3,80
2020-03-12,1065,1,20
2020-03-12,1066,3,50
2020-03-12,1067,3,20
2020-03-12,1068,0,80
2020-03-12,1069,1,10
2020-03-12,1070,2,20
2020-03-12,1071,2,10
2020-03-12,1072,3,10
2020-03-12,1073,3,50
2020-03-12,1074,2,10
2020-03-12,1075,2,20
2020-03-12,1076,1,80
2020-03-12,1077,1,90
2020-03-12,1078,2,20
2020-03-12,1079,2,80
2020-03-12,1080,3,20
2020-03-12,1081,1,80
2020-03-12,1082,2,20
2020-03-12,1083,2,10
2020-03-12,1084,0,20
2020-03-12,1085,3,20
2020-03-12,1086,3,80
2020-03-12,1087,3,90
2020-03-12,1088,0,50
2020-03-12,1089,2,10
2020-03-12,1090,2,50
2020-03-12,1091,3,90
2020-03-12,1092,3,80
2020-03-12,1093,2,90
2020-03-12,1094,0,50
2020-03-12,1095,1,10
2020-03-12,1096,1,80
2020-03-12,1097,1,20
2020-03-12,1098,1,20
2020-03-12,1099,3,50
