2020-03-13,100,3,90
2020-03-13,101,2,80
2020-03-13,102,1,50
2020-03-13,103,2,10
2020-03-13,104,3,90
2020-03-13,105,1,15
2020-03-13,106,1,10
2020-03-13,107,3,10
2020-03-13,108,3,20
2020-03-13,109,1,80
2020-03-13,110,0,15
2020-03-13,111,1,15
2020-03-13,112,0,10
2020-03-13,113,0,80
2020-03-13,114,1,20
2020-03-13,115,0,80
2020-03-13,116,3,10
2020-03-13,117,3,10
2020-03-13,118,1,90
2020-03-13,119,0,15
2020-03-13,120,2,15
2020-03-13,121,2,50
2020-03-13,122,0,90
2020-03-13,123,1,15
2020-03-13,124,3,80
2020-03-13,125,3,90
2020-03-13,126,3,15
2020-03-13,127,2,10
2020-03-13,128,2,90
2020-03-13,129,2,90
2020-03-13,130,2,90
2020-03-13,131,2,90
2020-03-13,132,1,80
2020-03-13,133,2,10
2020-03-13,134,1,15
2020-03-13,135,0,80
2020-03-13,136,1,80
2020-03-13,137,0,10
2020-03-13,138,1,90
2020-03-13,139,1,20
2020-03-13,140,0,50
2020-03-13,141,0,10
2020-03-13,142,3,50
2020-03-13,143,2,90
2020-03-13,144,1,80
2020-03-13,145,1,20
2020-03-13,146,2,90
2020-03-13,147,0,15
2020-03-13,148,1,80
2020-03-13,149,2,10
2020-03-13,150,0,20
2020-03-13,151,1,50
2020-03-13,152,0,50
2020-03-13,153,1,20
2020-03-13,154,3,50
2020-03-13,155,3,90
2020-03-13,156,3,10
2020-03-13,157,3,15
2020-03-13,158,3,10
2020-03-13,159,2,50
2020-03-13,160,2,50
2020-03-13,161,1,50
2020-03-13,162,3,90
2020-03-13,163,0,15
2020-03-13,164,0,20
2020-03-13,165,0,20
2020-03-13,166,3,80
2020-03-13,167,0,10
2020-03-13,168,3,20
2020-03-13,169,2,50
2020-03-13,170,2,20
2020-03-13,171,3,80
2020-03-13,172,3,80
2020-03-13,173,3,50
2020-03-13,174,0,10
2020-03-13,175,2,90
2020-03-13,176,1,80
2020-03-13,177,0,50
2020-03-13,178,1,15
2020-03-13,179,2,20
2020-03-13,180,2,50
2020-03-13,181,3,20
2020-03-13,182,3,15
2020-03-13,183,0,10
2020-03-13,184,0,20
2020-03-13,185,3,20
2020-03-13,186,3,10
2020-03-13,187,3,80
2020-03-13,188,0,50
2020-03-13,189,3,10
2020-03-13,190,0,50
2020-03-13,191,1,20
2020-03-13,192,2,90
2020-03-13,193,1,90
2020-03-13,194,1,50
2020-03-13,195,0,50
2020-03-13,196,1,10
2020-03-13,197,3,20
2020-03-13,198,0,15
2020-03-13,199,1,10
2020-03-13,200,2,80
2020-03-13,201,1,15
2020-03-13,202,2,90
2020-03-13,203,0,10
2020-03-13,204,1,90
2020-03-13,205,0,50
2020-03-13,206,0,10
2020-03-13,207,1,10
2020-03-13,208,0,80
2020-03-13,209,0,20
2020-03-13,210,0,90
2020-03-13,211,0,80
2020-03-13,212,2,20
2020-03-13,213,3,15
2020-03-13,214,2,20
2020-03-13,215,3,80
2020-03-13,216,0,90
2020-03-13,217,0,15
2020-03-13,218,3,80
2020-03-13,219,1,80
2020-03-13,220,2,50
2020-03-13,221,0,20
2020-03-13,222,3,15
2020-03-13,223,0,10
2020-03-13,224,0,15
2020-03-13,225,2,80
2020-03-13,226,3,10
2020-03-13,227,0,10
2020-03-13,228,0,20
2020-03-13,229,3,15
2020-03-13,230,0,50
2020-03-13,231,3,15
2020-03-13,232,0,50
2020-03-13,233,3,15
2020-03-13,234,3,20
2020-03-13,235,2,50
2020-03-13,236,2,10
2020-03-13,237,2,80
2020-03-13,238,1,90
2020-03-13,239,0,50
2020-03-13,240,1,90
2020-03-13,241,1,90
2020-03-13,242,2,80
2020-03-13,243,1,10
2020-03-13,244,1,80
2020-03-13,245,3,80
2020-03-13,246,2,20
2020-03-13,247,2,50
2020-03-13,248,2,80
2020-03-13,249,2,20
2020-03-13,250,0,20
2020-03-13,251,1,10
2020-03-13,252,0,80
2020-03-13,253,0,90
2020-03-13,254,2,80
2020-03-13,255,2,15
2020-03-13,256,0,15
2020-03-13,257,0,90
2020-03-13,258,0,50
2020-03-13,259,0,90
2020-03-13,260,2,10
2020-03-13,261,0,80
2020-03-13,262,0,80
2020-03-13,263,3,10
2020-03-13,264,2,50
2020-03-13,265,3,90
2020-03-13,266,0,10
2020-03-13,267,0,15
2020-03-13,268,0,15
2020-03-13,269,3,15
2020-03-13,270,3,50
2020-03-13,271,0,20
2020-03-13,272,2,80
2020-03-13,273,0,20
2020-03-13,274,1,15
2020-03-13,275,2,50
2020-03-13,276,0,20
2020-03-13,277,1,90
2020-03-13,278,0,80
2020-03-13,279,1,90
2020-03-13,280,3,10
2020-03-13,281,1,50
2020-03-13,282,2,20
2020-03-13,283,1,20
2020-03-13,284,1,20
2020-03-13,285,1,20
2020-03-13,286,0,15
2020-03-13,287,3,10
2020-03-13,288,1,20
2020-03-13,289,0,10
2020-03-13,290,0,10
2020-03-13,291,2,50
2020-03-13,292,1,20
2020-03-13,293,2,80
2020-03-13,294,3,20
2020-03-13,295,2,10
2020-03-13,296,0,90
2020-03-13,297,3,50
2020-03-13,298,1,50
2020-03-13,299,2,90
2020-03-13,300,2,80
2020-03-13,301,1,15
2020-03-13,302,1,10
2020-03-13,303,3,10
2020-03-13,304,3,10
2020-03-13,305,1,20
2020-03-13,306,3,80
2020-03-13,307,1,50
2020-03-13,308,2,50
2020-03-13,309,3,15
2020-03-13,310,0,15
2020-03-13,311,1,20
2020-03-13,312,0,80
2020-03-13,313,1,80
2020-03-13,314,3,20
2020-03-13,315,1,15
2020-03-13,316,0,15
2020-03-13,317,2,15
2020-03-13,318,3,10
2020-03-13,319,0,15
2020-03-13,320,1,10
2020-03-13,321,1,80
2020-03-13,322,1,10
2020-03-13,323,3,10
2020-03-13,324,2,80
2020-03-13,325,0,90
2020-03-13,326,1,90
2020-03-13,327,3,20
2020-03-13,328,0,50
2020-03-13,329,2,50
2020-03-13,330,2,50
2020-03-13,331,1,80
2020-03-13,332,0,80
2020-03-13,333,0,15
2020-03-13,334,2,50
2020-03-13,335,1,90
2020-03-13,336,0,90
2020-03-13,337,2,50
2020-03-13,338,3,90
2020-03-13,339,0,90
2020-03-13,340,1,10
2020-03-13,341,0,50
2020-03-13,342,2,50
2020-03-13,343,2,90
2020-03-13,344,2,20
2020-03-13,345,3,90
2020-03-13,346,1,20
2020-03-13,347,3,20
2020-03-13,348,0,20
2020-03-13,349,1,20
2020-03-13,350,2,90
2020-03-13,351,2,15
2020-03-13,352,3,20
2020-03-13,353,1,80
2020-03-13,354,2,80
2020-03-13,355,1,10
2020-03-13,356,0,90
2020-03-13,357,0,10
2020-03-13,358,3,90
2020-03-13,359,0,90
2020-03-13,360,2,50
2020-03-13,361,2,20
2020-03-13,362,3,10
2020-03-13,363,0,50
2020-03-13,364,1,80
2020-03-13,365,3,20
2020-03-13,366,2,90
2020-03-13,367,3,10
2020-03-13,368,0,80
2020-03-13,369,2,80
2020-03-13,370,2,10
2020-03-13,371,2,80
2020-03-13,372,2,80
2020-03-13,373,0,15
2020-03-13,374,2,20
2020-03-13,375,0,80
2020-03-13,376,0,50
2020-03-13,377,3,90
2020-03-13,378,3,15
2020-03-13,379,0,90
2020-03-13,380,0,80
2020-03-13,381,1,50
2020-03-13,382,1,20
2020-03-13,383,0,90
2020-03-13,384,3,10
2020-03-13,385,0,10
2020-03-13,386,0,80
2020-03-13,387,0,10
2020-03-13,388,2,50
2020-03-13,389,1,50
2020-03-13,390,3,90
2020-03-13,391,2,90
2020-03-13,392,0,50
2020-03-13,393,2,80
2020-03-13,394,1,15
2020-03-13,395,1,80
2020-03-13,396,3,90
2020-03-13,397,2,50
2020-03-13,398,0,80
2020-03-13,399,0,15
2020-03-13,400,1,20
2020-03-13,401,3,10
2020-03-13,402,0,15
2020-03-13,403,2,15
2020-03-13,404,0,15
2020-03-13,405,1,50
2020-03-13,406,1,80
2020-03-13,407,3,10
2020-03-13,408,3,50
2020-03-13,409,0,90
2020-03-13,410,2,10
2020-03-13,411,1,50
2020-03-13,412,0,50
2020-03-13,413,2,90
2020-03-13,414,0,15
2020-03-13,415,0,15
2020-03-13,416,3,10
2020-03-13,417,0,50
2020-03-13,418,0,15
2020-03-13,419,2,80
2020-03-13,420,3,90
2020-03-13,421,1,10
2020-03-13,422,1,10
2020-03-13,423,0,50
2020-03-13,424,2,20
2020-03-13,425,3,20
2020-03-13,426,1,90
2020-03-13,427,3,10
2020-03-13,428,3,10
2020-03-13,429,1,20
2020-03-13,430,3,15
2020-03-13,431,3,20
2020-03-13,432,1,50
2020-03-13,433,0,90
2020-03-13,434,0,80
2020-03-13,435,2,50
2020-03-13,436,0,50
2020-03-13,437,0,50
2020-03-13,438,0,15
2020-03-13,439,2,10
2020-03-13,440,1,15
2020-03-13,441,0,50
2020-03-13,442,2,20
2020-03-13,443,0,20
2020-03-13,444,3,20
2020-03-13,445,0,80
2020-03-13,446,0,90
2020-03-13,447,0,10
2020-03-13,448,1,15
2020-03-13,449,0,50
2020-03-13,450,0,10
2020-03-13,451,0,20
2020-03-13,452,3,10
2020-03-13,453,2,90
2020-03-13,454,3,15
2020-03-13,455,3,80
2020-03-13,456,3,90
2020-03-13,457,3,10
2020-03-13,458,2,50
2020-03-13,459,3,80
2020-03-13,460,3,20
2020-03-13,461,0,20
2020-03-13,462,2,15
2020-03-13,463,1,10
2020-03-13,464,0,80
2020-03-13,465,0,80
2020-03-13,466,1,80
2020-03-13,467,1,20
2020-03-13,468,3,10
2020-03-13,469,3,80
2020-03-13,470,1,80
2020-03-13,471,2,90
2020-03-13,472,1,10
2020-03-13,473,2,80
2020-03-13,474,1,50
2020-03-13,475,1,15
2020-03-13,476,0,20
2020-03-13,477,3,80
2020-03-13,478,2,20
2020-03-13,479,3,20
2020-03-13,480,0,10
2020-03-13,481,2,50
2020-03-13,482,3,90
2020-03-13,483,3,50
2020-03-13,484,2,90
2020-03-13,485,1,90
2020-03-13,486,2,50
2020-03-13,487,1,20
2020-03-13,488,0,90
2020-03-13,489,1,15
2020-03-13,490,0,15
2020-03-13,491,1,90
2020-03-13,492,0,80
2020-03-13,493,0,15
2020-03-13,494,1,80
2020-03-13,495,3,15
2020-03-13,496,1,90
2020-03-13,497,0,10
2020-03-13,498,3,15
2020-03-13,499,0,90
2020-03-13,500,1,15
2020-03-13,501,0,50
2020-03-13,502,1,15
2020-03-13,503,3,80
2020-03-13,504,1,50
2020-03-13,505,0,10
2020-03-13,506,0,20
2020-03-13,507,3,10
2020-03-13,508,1,80
2020-03-13,509,3,15
2020-03-13,510,1,15
2020-03-13,511,1,15
2020-03-13,512,3,20
2020-03-13,513,2,20
2020-03-13,514,2,10
2020-03-13,515,3,15
2020-03-13,516,0,10
2020-03-13,517,3,80
2020-03-13,518,1,80
2020-03-13,519,2,20
2020-03-13,520,0,20
2020-03-13,521,3,20
2020-03-13,522,2,50
2020-03-13,523,0,90
2020-03-13,524,3,20
2020-03-13,525,0,80
2020-03-13,526,1,90
2020-03-13,527,1,90
2020-03-13,528,2,15
2020-03-13,529,1,90
2020-03-13,530,3,10
2020-03-13,531,3,20
2020-03-13,532,1,90
2020-03-13,533,2,80
2020-03-13,534,2,90
2020-03-13,535,0,15
2020-03-13,536,0,90
2020-03-13,537,2,90
2020-03-13,538,2,20
2020-03-13,539,1,90
2020-03-13,540,1,50
2020-03-13,541,3,90
2020-03-13,542,2,90
2020-03-13,543,3,10
2020-03-13,544,2,50
2020-03-13,545,3,90
2020-03-13,546,0,15
2020-03-13,547,2,10
2020-03-13,548,3,15
2020-03-13,549,1,20
2020-03-13,550,1,20
2020-03-13,551,3,15
2020-03-13,552,2,80
2020-03-13,553,2,20
2020-03-13,554,0,50
2020-03-13,555,0,10
2020-03-13,556,3,15
2020-03-13,557,2,15
2020-03-13,558,2,90
2020-03-13,559,0,50
2020-03-13,560,1,90
2020-03-13,561,2,15
2020-03-13,562,1,20
2020-03-13,563,3,80
2020-03-13,564,0,15
2020-03-13,565,0,80
2020-03-13,566,3,80
2020-03-13,567,0,15
2020-03-13,568,1,15
2020-03-13,569,2,20
2020-03-13,570,0,15
2020-03-13,571,2,90
2020-03-13,572,3,10
2020-03-13,573,3,80
2020-03-13,574,1,50
2020-03-13,575,3,50
2020-03-13,576,0,15
2020-03-13,577,3,10
2020-03-13,578,1,50
2020-03-13,579,3,50
2020-03-13,580,2,80
2020-03-13,581,1,90
2020-03-13,582,0,15
2020-03-13,583,0,90
2020-03-13,584,2,50
2020-03-13,585,1,10
2020-03-13,586,2,10
2020-03-13,587,3,10
2020-03-13,588,3,20
2020-03-13,589,0,20
2020-03-13,590,3,15
2020-03-13,591,3,50
2020-03-13,592,0,20
2020-03-13,593,2,20
2020-03-13,594,1,50
2020-03-13,595,3,50
2020-03-13,596,2,90
2020-03-13,597,0,90
2020-03-13,598,2,20
2020-03-13,599,2,10
2020-03-13,600,1,80
2020-03-13,601,3,90
2020-03-13,602,3,90
2020-03-13,603,0,15
2020-03-13,604,2,20
2020-03-13,605,1,10
2020-03-13,606,0,15
2020-03-13,607,2,80
2020-03-13,608,0,80
2020-03-13,609,3,20
2020-03-13,610,2,80
2020-03-13,611,3,10
2020-03-13,612,2,15
2020-03-13,613,2,20
2020-03-13,614,2,20
2020-03-13,615,2,10
2020-03-13,616,3,80
2020-03-13,617,2,15
2020-03-13,618,0,90
2020-03-13,619,2,50
2020-03-13,620,2,50
2020-03-13,621,2,20
2020-03-13,622,2,20
2020-03-13,623,2,80
2020-03-13,624,2,90
2020-03-13,625,0,15
2020-03-13,626,3,20
2020-03-13,627,3,15
2020-03-13,628,1,50
2020-03-13,629,3,50
2020-03-13,630,3,15
2020-03-13,631,0,20
2020-03-13,632,0,15
2020-03-13,633,0,15
2020-03-13,634,3,50
2020-03-13,635,1,15
2020-03-13,636,3,10
2020-03-13,637,2,10
2020-03-13,638,0,15
2020-03-13,639,1,10
2020-03-13,640,2,10
2020-03-13,641,2,50
2020-03-13,642,2,50
2020-03-13,643,1,20
2020-03-13,644,2,80
2020-03-13,645,3,15
2020-03-13,646,3,50
2020-03-13,647,2,20
2020-03-13,648,3,50
2020-03-13,649,3,15
2020-03-13,650,2,80
2020-03-13,651,3,50
2020-03-13,652,2,50
2020-03-13,653,0,50
2020-03-13,654,0,80
2020-03-13,655,2,20
2020-03-13,656,1,80
2020-03-13,657,2,10
2020-03-13,658,3,90
2020-03-13,659,1,80
2020-03-13,660,2,10
2020-03-13,661,3,15
2020-03-13,662,2,80
2020-03-13,663,0,90
2020-03-13,664,3,15
2020-03-13,665,0,80
2020-03-13,666,2,10
2020-03-13,667,3,80
2020-03-13,668,2,80
2020-03-13,669,0,10
2020-03-13,670,1,20
2020-03-13,671,2,90
2020-03-13,672,2,15
2020-03-13,673,3,10
2020-03-13,674,3,20
2020-03-13,675,2,80
2020-03-13,676,2,15
2020-03-13,677,1,50
2020-03-13,678,0,10
2020-03-13,679,0,80
2020-03-13,680,0,80
2020-03-13,681,3,90
2020-03-13,682,0,50
2020-03-13,683,1,20
2020-03-13,684,1,20
2020-03-13,685,0,10
2020-03-13,686,3,20
2020-03-13,687,1,15
2020-03-13,688,3,50
2020-03-13,689,2,15
2020-03-13,690,2,10
2020-03-13,691,2,80
2020-03-13,692,3,50
2020-03-13,693,1,10
2020-03-13,694,0,20
2020-03-13,695,2,50
2020-03-13,696,1,90
2020-03-13,697,1,90
2020-03-13,698,3,20
2020-03-13,699,1,80
2020-03-13,700,0,10
2020-03-13,701,1,15
2020-03-13,702,2,90
2020-03-13,703,3,10
2020-03-13,704,0,15
2020-03-13,705,1,10
2020-03-13,706,2,50
2020-03-13,707,0,20
2020-03-13,708,2,90
2020-03-13,709,3,10
2020-03-13,710,0,20
2020-03-13,711,0,15
2020-03-13,712,0,50
2020-03-13,713,3,80
2020-03-13,714,3,90
2020-03-13,715,1,80
2020-03-13,716,2,90
2020-03-13,717,0,90
2020-03-13,718,0,90
2020-03-13,719,2,15
2020-03-13,720,1,50
2020-03-13,721,3,50
2020-03-13,722,0,80
2020-03-13,723,0,90
2020-03-13,724,1,15
2020-03-13,725,1,15
2020-03-13,726,2,10
2020-03-13,727,2,90
2020-03-13,728,2,20
2020-03-13,729,2,90
2020-03-13,730,1,15
2020-03-13,731,3,50
2020-03-13,732,1,20
2020-03-13,733,2,90
2020-03-13,734,3,10
2020-03-13,735,0,10
2020-03-13,736,1,10
2020-03-13,737,2,80
2020-03-13,738,3,90
2020-03-13,739,0,50
2020-03-13,740,1,20
2020-03-13,741,3,90
2020-03-13,742,0,90
2020-03-13,743,1,90
2020-03-13,744,3,90
2020-03-13,745,0,80
2020-03-13,746,3,15
2020-03-13,747,2,10
2020-03-13,748,1,15
2020-03-13,749,1,80
2020-03-13,750,2,50
2020-03-13,751,2,90
2020-03-13,752,2,10
2020-03-13,753,2,80
2020-03-13,754,1,20
2020-03-13,755,1,90
2020-03-13,756,3,15
2020-03-13,757,0,10
2020-03-13,758,2,80
2020-03-13,759,1,90
2020-03-13,760,1,15
2020-03-13,761,3,90
2020-03-13,762,2,20
2020-03-13,763,2,90
2020-03-13,764,0,10
2020-03-13,765,0,20
2020-03-13,766,2,10
2020-03-13,767,2,80
2020-03-13,768,2,50
2020-03-13,769,1,90
2020-03-13,770,0,80
2020-03-13,771,2,90
2020-03-13,772,1,20
2020-03-13,773,0,50
2020-03-13,774,3,20
2020-03-13,775,0,20
2020-03-13,776,3,90
2020-03-13,777,2,15
2020-03-13,778,0,15
2020-03-13,779,0,10
2020-03-13,780,2,10
2020-03-13,781,2,50
2020-03-13,782,3,50
2020-03-13,783,0,10
2020-03-13,784,0,50
2020-03-13,785,3,50
2020-03-13,786,3,15
2020-03-13,787,0,90
2020-03-13,788,0,80
2020-03-13,789,2,90
2020-03-13,790,3,15
2020-03-13,791,1,15
2020-03-13,792,0,80
2020-03-13,793,2,80
2020-03-13,794,1,15
2020-03-13,795,0,15
2020-03-13,796,1,20
2020-03-13,797,0,90
2020-03-13,798,2,15
2020-03-13,799,0,90
2020-03-13,800,1,20
2020-03-13,801,0,90
2020-03-13,802,0,90
2020-03-13,803,2,80
2020-03-13,804,3,15
2020-03-13,805,1,15
2020-03-13,806,3,15
2020-03-13,807,1,20
2020-03-13,808,3,90
2020-03-13,809,3,20
2020-03-13,810,1,80
2020-03-13,811,2,20
2020-03-13,812,2,10
2020-03-13,813,0,10
2020-03-13,814,2,50
2020-03-13,815,3,10
2020-03-13,816,0,50
2020-03-13,817,2,50
2020-03-13,818,3,15
2020-03-13,819,1,80
2020-03-13,820,2,20
2020-03-13,821,2,50
2020-03-13,822,2,20
2020-03-13,823,2,10
2020-03-13,824,1,80
2020-03-13,825,3,80
2020-03-13,826,3,90
2020-03-13,827,1,80
2020-03-13,828,2,80
2020-03-13,829,2,20
2020-03-13,830,3,50
2020-03-13,831,2,50
2020-03-13,832,2,90
2020-03-13,833,1,90
2020-03-13,834,1,10
2020-03-13,835,3,20
2020-03-13,836,3,90
2020-03-13,837,2,50
2020-03-13,838,2,10
2020-03-13,839,1,50
2020-03-13,840,2,50
2020-03-13,841,0,90
2020-03-13,842,1,50
2020-03-13,843,2,10
2020-03-13,844,0,80
2020-03-13,845,1,10
2020-03-13,846,1,10
2020-03-13,847,0,10
2020-03-13,848,2,90
2020-03-13,849,1,10
2020-03-13,850,2,10
2020-03-13,851,2,15
2020-03-13,852,3,80
2020-03-13,853,0,10
2020-03-13,854,2,15
2020-03-13,855,0,10
2020-03-13,856,2,50
2020-03-13,857,1,20
2020-03-13,858,2,90
2020-03-13,859,3,90
2020-03-13,860,2,90
2020-03-13,861,1,20
2020-03-13,862,2,20
2020-03-13,863,0,10
2020-03-13,864,0,50
2020-03-13,865,0,10
2020-03-13,866,0,15
2020-03-13,867,3,15
2020-03-13,868,3,10
2020-03-13,869,1,10
2020-03-13,870,2,20
2020-03-13,871,2,50
2020-03-13,872,3,90
2020-03-13,873,3,15
2020-03-13,874,2,10
2020-03-13,875,0,20
2020-03-13,876,0,90
2020-03-13,877,0,10
2020-03-13,878,0,15
2020-03-13,879,3,80
2020-03-13,880,2,90
2020-03-13,881,2,20
2020-03-13,882,0,20
2020-03-13,883,0,10
2020-03-13,884,0,10
2020-03-13,885,0,15
2020-03-13,886,3,20
2020-03-13,887,0,90
2020-03-13,888,0,90
2020-03-13,889,3,15
2020-03-13,890,2,50
2020-03-13,891,0,20
2020-03-13,892,0,80
2020-03-13,893,0,15
2020-03-13,894,1,10
2020-03-13,895,2,80
2020-03-13,896,2,90
2020-03-13,897,0,10
2020-03-13,898,0,90
2020-03-13,899,1,80
2020-03-13,900,2,20
2020-03-13,901,3,90
2020-03-13,902,2,90
2020-03-13,903,2,15
2020-03-13,904,1,15
2020-03-13,905,3,90
2020-03-13,906,2,15
2020-03-13,907,3,80
2020-03-13,908,3,15
2020-03-13,909,2,20
2020-03-13,910,1,50
2020-03-13,911,1,50
2020-03-13,912,2,20
2020-03-13,913,3,80
2020-03-13,914,1,20
2020-03-13,915,1,90
2020-03-13,916,3,10
2020-03-13,917,2,15
2020-03-13,918,3,20
2020-03-13,919,2,10
2020-03-13,920,1,10
2020-03-13,921,1,15
2020-03-13,922,0,15
2020-03-13,923,2,90
2020-03-13,924,0,90
2020-03-13,925,2,15
2020-03-13,926,2,80
2020-03-13,927,2,15
2020-03-13,928,0,15
2020-03-13,929,1,90
2020-03-13,930,3,15
2020-03-13,931,3,10
2020-03-13,932,0,15
2020-03-13,933,2,10
2020-03-13,934,1,10
2020-03-13,935,0,10
2020-03-13,936,0,20
2020-03-13,937,2,10
2020-03-13,938,2,80
2020-03-13,939,3,80
2020-03-13,940,2,80
2020-03-13,941,1,15
2020-03-13,942,2,80
2020-03-13,943,1,90
2020-03-13,944,0,15
2020-03-13,945,0,90
2020-03-13,946,1,15
2020-03-13,947,1,50
2020-03-13,948,3,90
2020-03-13,949,1,80
2020-03-13,950,1,15
2020-03-13,951,1,20
2020-03-13,952,3,90
2020-03-13,953,0,90
2020-03-13,954,2,10
2020-03-13,955,0,20
2020-03-13,956,0,10
2020-03-13,957,2,50
2020-03-13,958,2,90
2020-03-13,959,2,90
2020-03-13,960,0,10
2020-03-13,961,0,80
2020-03-13,962,2,20
2020-03-13,963,0,20
2020-03-13,964,2,50
2020-03-13,965,1,80
2020-03-13,966,3,90
2020-03-13,967,2,10
2020-03-13,968,3,50
2020-03-13,969,3,90
2020-03-13,970,1,90
2020-03-13,971,2,10
2020-03-13,972,2,15
2020-03-13,973,2,15
2020-03-13,974,2,15
2020-03-13,975,2,10
2020-03-13,976,2,15
2020-03-13,977,1,90
2020-03-13,978,2,15
2020-03-13,979,2,50
2020-03-13,980,3,90
2020-03-13,981,3,90
2020-03-13,982,0,10
2020-03-13,983,1,90
2020-03-13,984,3,15
2020-03-13,985,1,90
2020-03-13,986,2,80
2020-03-13,987,2,80
2020-03-13,988,1,20
2020-03-13,989,1,20
2020-03-13,990,0,50
2020-03-13,991,0,15
2020-03-13,992,2,50
2020-03-13,993,0,10
2020-03-13,994,0,50
2020-03-13,995,1,90
2020-03-13,996,3,90
2020-03-13,997,3,10
2020-03-13,998,3,90
2020-03-13,999,2,50
2020-03-13,1000,2,50
2020-03-13,1001,1,90
2020-03-13,1002,2,90
2020-03-13,1003,2,90
2020-03-13,1004,3,20
2020-03-13,1005,3,10
2020-03-13,1006,0,15
2020-03-13,1007,2,15
2020-03-13,1008,2,20
2020-03-13,1009,0,80
2020-03-13,1010,2,10
2020-03-13,1011,3,90
2020-03-13,1012,1,80
2020-03-13,1013,2,80
2020-03-13,1014,3,90
2020-03-13,1015,0,10
2020-03-13,1016,3,20
2020-03-13,1017,3,15
2020-03-13,1018,3,20
2020-03-13,1019,1,50
2020-03-13,1020,0,20
2020-03-13,1021,2,15
2020-03-13,1022,1,15
2020-03-13,1023,1,10
2020-03-13,1024,1,10
2020-03-13,1025,0,90
2020-03-13,1026,0,10
2020-03-13,1027,1,20
2020-03-13,1028,2,90
2020-03-13,1029,0,90
2020-03-13,1030,1,20
2020-03-13,1031,0,80
2020-03-13,1032,0,90
2020-03-13,1033,3,50
2020-03-13,1034,1,10
2020-03-13,1035,1,50
2020-03-13,1036,2,80
2020-03-13,1037,0,15
2020-03-13,1038,3,15
2020-03-13,1039,1,80
2020-03-13,1040,2,80
2020-03-13,1041,3,50
2020-03-13,1042,0,80
2020-03-13,1043,0,50
2020-03-13,1044,3,10
2020-03-13,1045,3,80
2020-03-13,1046,0,50
2020-03-13,1047,0,90
2020-03-13,1048,2,10
2020-03-13,1049,3,80
2020-03-13,1050,1,15
2020-03-13,1051,2,50
2020-03-13,1052,1,10
2020-03-13,1053,1,10
2020-03-13,1054,0,15
2020-03-13,1055,0,50
2020-03-13,1056,1,20
2020-03-13,1057,1,80
2020-03-13,1058,2,90
2020-03-13,1059,0,80
2020-03-13,1060,1,80
2020-03-13,1061,3,90
2020-03-13,1062,1,80
2020-03-13,1063,3,20
2020-03-13,1064,1,50
2020-03-13,1065,1,90
2020-03-13,1066,3,15
2020-03-13,1067,1,80
2020-03-13,1068,2,15
2020-03-13,1069,3,80
2020-03-13,1070,0,10
2020-03-13,1071,3,90
2020-03-13,1072,1,20
2020-03-13,1073,2,15
2020-03-13,1074,2,10
2020-03-13,1075,2,10
2020-03-13,1076,0,20
2020-03-13,1077,0,20
2020-03-13,1078,0,80
2020-03-13,1079,1,90
2020-03-13,1080,1,50
2020-03-13,1081,0,90
2020-03-13,1082,1,20
2020-03-13,1083,3,15
2020-03-13,1084,2,90
2020-03-13,1085,1,10
2020-03-13,1086,2,50
2020-03-13,1087,2,90
2020-03-13,1088,1,20
2020-03-13,1089,0,20
2020-03-13,1090,1,20
2020-03-13,1091,2,15
2020-03-13,1092,1,10
2020-03-13,1093,0,20
2020-03-13,1094,1,10
2020-03-13,1095,2,20
2020-03-13,1096,0,20
2020-03-13,1097,2,90
2020-03-13,1098,1,20
2020-03-13,1099,3,10
