2020-03-14,100,1,90
2020-03-14,101,2,10
2020-03-14,102,2,15
2020-03-14,103,0,20
2020-03-14,104,1,90
2020-03-14,105,3,15
2020-03-14,106,3,10
2020-03-14,107,3,90
2020-03-14,108,0,10
2020-03-14,109,3,10
2020-03-14,110,2,50
2020-03-14,111,2,50
2020-03-14,112,1,10
2020-03-14,113,0,50
2020-03-14,114,3,10
2020-03-14,115,1,20
2020-03-14,116,1,90
2020-03-14,117,1,20
2020-03-14,118,0,90
2020-03-14,119,1,50
2020-03-14,120,0,80
2020-03-14,121,1,90
2020-03-14,122,3,20
2020-03-14,123,2,50
2020-03-14,124,2,20
2020-03-14,125,1,10
2020-03-14,126,1,15
2020-03-14,127,2,50
2020-03-14,128,2,80
2020-03-14,129,0,90
2020-03-14,130,2,50
2020-03-14,131,0,10
2020-03-14,132,1,80
2020-03-14,133,1,80
2020-03-14,134,3,90
2020-03-14,135,3,10
2020-03-14,136,0,50
2020-03-14,137,0,90
2020-03-14,138,2,20
2020-03-14,139,1,80
2020-03-14,140,3,50
2020-03-14,141,0,80
2020-03-14,142,1,15
2020-03-14,143,1,15
2020-03-14,144,1,90
2020-03-14,145,2,10
2020-03-14,146,1,80
2020-03-14,147,0,10
2020-03-14,148,0,20
2020-03-14,149,3,10
2020-03-14,150,0,50
2020-03-14,151,0,15
2020-03-14,152,0,80
2020-03-14,153,0,90
2020-03-14,154,2,50
2020-03-14,155,2,10
2020-03-14,156,1,80
2020-03-14,157,1,15
2020-03-14,158,1,20
2020-03-14,159,3,50
2020-03-14,160,2,20
2020-03-14,161,0,50
2020-03-14,162,3,10
2020-03-14,163,3,90
2020-03-14,164,0,80
2020-03-14,165,2,15
2020-03-14,166,0,90
2020-03-14,167,1,20
2020-03-14,168,1,20
2020-03-14,169,1,90
2020-03-14,170,2,80
2020-03-14,171,3,10
2020-03-14,172,2,20
2020-03-14,173,2,90
2020-03-14,174,3,50
2020-03-14,175,3,15
2020-03-14,176,3,15
2020-03-14,177,2,15
2020-03-14,178,0,15
2020-03-14,179,2,80
2020-03-14,180,0,90
2020-03-14,181,2,15
2020-03-14,182,2,50
2020-03-14,183,3,80
2020-03-14,184,3,20
2020-03-14,185,0,15
2020-03-14,186,3,15
2020-03-14,187,0,50
2020-03-14,188,2,50
2020-03-14,189,2,15
2020-03-14,190,1,90
2020-03-14,191,3,50
2020-03-14,192,1,50
2020-03-14,193,3,90
2020-03-14,194,3,20
2020-03-14,195,3,15
2020-03-14,196,3,90
2020-03-14,197,3,15
2020-03-14,198,2,20
2020-03-14,199,1,10
2020-03-14,200,2,15
2020-03-14,201,2,20
2020-03-14,202,2,15
2020-03-14,203,3,80
2020-03-14,204,2,10
2020-03-14,205,0,10
2020-03-14,206,1,15
2020-03-14,207,3,20
2020-03-14,208,3,15
2020-03-14,209,1,10
2020-03-14,210,1,10
2020-03-14,211,0,90
2020-03-14,212,0,10
2020-03-14,213,1,15
2020-03-14,214,2,90
2020-03-14,215,2,80
2020-03-14,216,1,80
2020-03-14,217,3,50
2020-03-14,218,2,90
2020-03-14,219,3,50
2020-03-14,220,3,10
2020-03-14,221,3,80
2020-03-14,222,3,90
2020-03-14,223,1,15
2020-03-14,224,1,80
2020-03-14,225,3,80
2020-03-14,226,3,15
2020-03-14,227,2,80
2020-03-14,228,2,15
2020-03-14,229,3,10
2020-03-14,230,1,90
2020-03-14,231,0,10
2020-03-14,232,2,15
2020-03-14,233,1,20
2020-03-14,234,3,50
2020-03-14,235,3,10
2020-03-14,236,3,15
2020-03-14,237,2,90
2020-03-14,238,1,90
2020-03-14,239,1,50
2020-03-14,240,0,80
2020-03-14,241,1,10
2020-03-14,242,1,50
2020-03-14,243,3,80
2020-03-14,244,0,90
2020-03-14,245,0,80
2020-03-14,246,2,20
2020-03-14,247,1,10
2020-03-14,248,3,15
2020-03-14,249,2,50
2020-03-14,250,1,15
2020-03-14,251,1,20
2020-03-14,252,1,15
2020-03-14,253,1,20
2020-03-14,254,0,20
2020-03-14,255,1,15
2020-03-14,256,0,90
2020-03-14,257,2,10
2020-03-14,258,1,10
2020-03-14,259,1,10
2020-03-14,260,0,80
2020-03-14,261,2,50
2020-03-14,262,0,10
2020-03-14,263,0,50
2020-03-14,264,1,90
2020-03-14,265,0,20
2020-03-14,266,2,10
2020-03-14,267,3,15
2020-03-14,268,1,15
2020-03-14,269,1,20
2020-03-14,270,3,20
2020-03-14,271,2,15
2020-03-14,272,0,15
2020-03-14,273,3,90
2020-03-14,274,3,10
2020-03-14,275,3,90
2020-03-14,276,3,90
2020-03-14,277,1,10
2020-03-14,278,3,90
2020-03-14,279,3,80
2020-03-14,280,1,90
2020-03-14,281,2,15
2020-03-14,282,1,10
2020-03-14,283,3,80
2020-03-14,284,1,90
2020-03-14,285,1,20
2020-03-14,286,3,20
2020-03-14,287,0,50
2020-03-14,288,3,10
2020-03-14,289,2,80
2020-03-14,290,2,90
2020-03-14,291,2,90
2020-03-14,292,2,15
2020-03-14,293,2,50
2020-03-14,294,3,80
2020-03-14,295,1,50
2020-03-14,296,1,80
2020-03-14,297,0,90
2020-03-14,298,1,15
2020-03-14,299,2,80
2020-03-14,300,0,15
2020-03-14,301,0,80
2020-03-14,302,0,15
2020-03-14,303,3,90
2020-03-14,304,0,15
2020-03-14,305,0,90
2020-03-14,306,1,90
2020-03-14,307,3,10
2020-03-14,308,1,20
2020-03-14,309,1,80
2020-03-14,310,2,90
2020-03-14,311,0,15
2020-03-14,312,2,50
2020-03-14,313,1,80
2020-03-14,314,2,15
2020-03-14,315,0,90
2020-03-14,316,0,10
2020-03-14,317,1,20
2020-03-14,318,2,90
2020-03-14,319,0,10
2020-03-14,320,2,90
2020-03-14,321,3,80
2020-03-14,322,0,50
2020-03-14,323,1,90
2020-03-14,324,3,15
2020-03-14,325,3,20
2020-03-14,326,2,10
2020-03-14,327,1,50
2020-03-14,328,2,90
2020-03-14,329,2,90
2020-03-14,330,0,20
2020-03-14,331,0,10
2020-03-14,332,0,20
2020-03-14,333,3,80
2020-03-14,334,2,20
2020-03-14,335,0,50
2020-03-14,336,0,80
2020-03-14,337,1,80
2020-03-14,338,0,90
2020-03-14,339,1,15
2020-03-14,340,3,50
2020-03-14,341,2,90
2020-03-14,342,0,80
2020-03-14,343,0,15
2020-03-14,344,0,15
2020-03-14,345,1,50
2020-03-14,346,3,50
2020-03-14,347,0,15
2020-03-14,348,2,10
2020-03-14,349,3,10
2020-03-14,350,0,20
2020-03-14,351,0,15
2020-03-14,352,1,90
2020-03-14,353,2,50
2020-03-14,354,0,80
2020-03-14,355,2,15
2020-03-14,356,3,90
2020-03-14,357,1,15
2020-03-14,358,3,20
2020-03-14,359,1,15
2020-03-14,360,1,50
2020-03-14,361,1,50
2020-03-14,362,2,90
2020-03-14,363,1,80
2020-03-14,364,1,90
2020-03-14,365,2,90
2020-03-14,366,2,15
2020-03-14,367,2,80
2020-03-14,368,0,10
2020-03-14,369,0,10
2020-03-14,370,0,80
2020-03-14,371,2,15
2020-03-14,372,2,10
2020-03-14,373,1,20
2020-03-14,374,3,50
2020-03-14,375,1,90
2020-03-14,376,1,80
2020-03-14,377,3,80
2020-03-14,378,3,80
2020-03-14,379,1,10
2020-03-14,380,0,20
2020-03-14,381,2,20
2020-03-14,382,2,20
2020-03-14,383,0,20
2020-03-14,384,2,80
2020-03-14,385,3,90
2020-03-14,386,2,90
2020-03-14,387,1,50
2020-03-14,388,0,10
2020-03-14,389,2,10
2020-03-14,390,0,15
2020-03-14,391,1,80
2020-03-14,392,3,20
2020-03-14,393,1,10
2020-03-14,394,2,15
2020-03-14,395,1,10
2020-03-14,396,2,15
2020-03-14,397,2,20
2020-03-14,398,2,20
2020-03-14,399,0,20
2020-03-14,400,0,80
2020-03-14,401,0,15
2020-03-14,402,3,15
2020-03-14,403,0,10
2020-03-14,404,1,80
2020-03-14,405,2,80
2020-03-14,406,0,20
2020-03-14,407,2,15
2020-03-14,408,0,10
2020-03-14,409,2,15
2020-03-14,410,3,20
2020-03-14,411,3,90
2020-03-14,412,3,15
2020-03-14,413,1,90
2020-03-14,414,0,90
2020-03-14,415,1,50
2020-03-14,416,1,15
2020-03-14,417,0,10
2020-03-14,418,1,50
2020-03-14,419,2,15
2020-03-14,420,3,10
2020-03-14,421,2,80
2020-03-14,422,0,20
2020-03-14,423,0,10
2020-03-14,424,3,50
2020-03-14,425,1,20
2020-03-14,426,2,15
2020-03-14,427,0,20
2020-03-14,428,3,80
2020-03-14,429,2,80
2020-03-14,430,0,10
2020-03-14,431,1,20
2020-03-14,432,3,15
2020-03-14,433,0,50
2020-03-14,434,2,20
2020-03-14,435,3,50
2020-03-14,436,0,20
2020-03-14,437,3,20
2020-03-14,438,2,20
2020-03-14,439,1,20
2020-03-14,440,1,20
2020-03-14,441,2,10
2020-03-14,442,0,10
2020-03-14,443,0,80
2020-03-14,444,0,80
2020-03-14,445,3,10
2020-03-14,446,0,20
2020-03-14,447,0,15
2020-03-14,448,1,10
2020-03-14,449,1,15
2020-03-14,450,2,15
2020-03-14,451,0,90
2020-03-14,452,0,50
2020-03-14,453,2,90
2020-03-14,454,0,15
2020-03-14,455,2,50
2020-03-14,456,3,90
2020-03-14,457,3,20
2020-03-14,458,1,20
2020-03-14,459,1,15
2020-03-14,460,0,90
2020-03-14,461,3,90
2020-03-14,462,3,10
2020-03-14,463,0,80
2020-03-14,464,1,20
2020-03-14,465,0,20
2020-03-14,466,2,80
2020-03-14,467,0,15
2020-03-14,468,3,20
2020-03-14,469,1,80
2020-03-14,470,3,50
2020-03-14,471,3,15
2020-03-14,472,0,15
2020-03-14,473,3,80
2020-03-14,474,1,15
2020-03-14,475,3,20
2020-03-14,476,0,20
2020-03-14,477,2,20
2020-03-14,478,1,10
2020-03-14,479,1,90
2020-03-14,480,3,80
2020-03-14,481,2,15
2020-03-14,482,1,80
2020-03-14,483,2,20
2020-03-14,484,2,50
2020-03-14,485,2,20
2020-03-14,486,1,90
2020-03-14,487,1,90
2020-03-14,488,0,90
2020-03-14,489,3,15
2020-03-14,490,2,15
2020-03-14,491,3,50
2020-03-14,492,1,15
2020-03-14,493,0,10
2020-03-14,494,0,10
2020-03-14,495,1,80
2020-03-14,496,1,50
2020-03-14,497,1,15
2020-03-14,498,3,15
2020-03-14,499,1,10
2020-03-14,500,0,20
2020-03-14,501,1,10
2020-03-14,502,3,50
2020-03-14,503,0,50
2020-03-14,504,3,20
2020-03-14,505,0,90
2020-03-14,506,1,10
2020-03-14,507,1,80
2020-03-14,508,3,20
2020-03-14,509,0,20
2020-03-14,510,0,80
2020-03-14,511,2,20
2020-03-14,512,0,10
2020-03-14,513,2,10
2020-03-14,514,3,90
2020-03-14,515,0,10
2020-03-14,516,1,10
2020-03-14,517,3,50
2020-03-14,518,3,90
2020-03-14,519,0,90
2020-03-14,520,2,80
2020-03-14,521,0,90
2020-03-14,522,2,90
2020-03-14,523,1,80
2020-03-14,524,0,15
2020-03-14,525,2,90
2020-03-14,526,0,15
2020-03-14,527,1,80
2020-03-14,528,1,20
2020-03-14,529,2,15
2020-03-14,530,0,20
2020-03-14,531,1,50
2020-03-14,532,0,10
2020-03-14,533,0,20
2020-03-14,534,2,50
2020-03-14,535,0,80
2020-03-14,536,3,20
2020-03-14,537,0,80
2020-03-14,538,0,15
2020-03-14,539,2,50
2020-03-14,540,3,15
2020-03-14,541,0,50
2020-03-14,542,0,50
2020-03-14,543,0,10
2020-03-14,544,1,90
2020-03-14,545,3,90
2020-03-14,546,3,80
2020-03-14,547,0,90
2020-03-14,548,2,50
2020-03-14,549,1,15
2020-03-14,550,0,90
2020-03-14,551,3,90
2020-03-14,552,1,20
2020-03-14,553,0,80
2020-03-14,554,2,10
2020-03-14,555,2,10
2020-03-14,556,0,90
2020-03-14,557,1,80
2020-03-14,558,3,50
2020-03-14,559,3,10
2020-03-14,560,0,80
2020-03-14,561,1,80
2020-03-14,562,3,20
2020-03-14,563,3,90
2020-03-14,564,3,10
2020-03-14,565,0,90
2020-03-14,566,2,90
2020-03-14,567,1,80
2020-03-14,568,0,20
2020-03-14,569,0,10
2020-03-14,570,1,10
2020-03-14,571,3,90
2020-03-14,572,2,20
2020-03-14,573,2,90
2020-03-14,574,1,20
2020-03-14,575,2,90
2020-03-14,576,2,90
2020-03-14,577,1,90
2020-03-14,578,0,20
2020-03-14,579,2,15
2020-03-14,580,0,10
2020-03-14,581,3,20
2020-03-14,582,0,90
2020-03-14,583,3,80
2020-03-14,584,1,90
2020-03-14,585,0,90
2020-03-14,586,2,80
2020-03-14,587,3,50
2020-03-14,588,0,15
2020-03-14,589,2,50
2020-03-14,590,2,80
2020-03-14,591,2,50
2020-03-14,592,3,10
2020-03-14,593,3,90
2020-03-14,594,3,20
2020-03-14,595,1,20
2020-03-14,596,0,80
2020-03-14,597,0,90
2020-03-14,598,1,20
2020-03-14,599,3,10
2020-03-14,600,0,15
2020-03-14,601,2,90
2020-03-14,602,1,10
2020-03-14,603,0,20
2020-03-14,604,3,80
2020-03-14,605,2,90
2020-03-14,606,2,15
2020-03-14,607,0,50
2020-03-14,608,3,10
2020-03-14,609,0,15
2020-03-14,610,3,50
2020-03-14,611,3,80
2020-03-14,612,0,20
2020-03-14,613,2,50
2020-03-14,614,1,80
2020-03-14,615,3,15
2020-03-14,616,2,20
2020-03-14,617,3,50
2020-03-14,618,0,20
2020-03-14,619,0,80
2020-03-14,620,0,80
2020-03-14,621,3,20
2020-03-14,622,1,15
2020-03-14,623,2,20
2020-03-14,624,0,50
2020-03-14,625,0,20
2020-03-14,626,3,15
2020-03-14,627,1,80
2020-03-14,628,2,15
2020-03-14,629,2,10
2020-03-14,630,0,10
2020-03-14,631,2,90
2020-03-14,632,2,20
2020-03-14,633,1,20
2020-03-14,634,0,80
2020-03-14,635,0,50
2020-03-14,636,0,90
2020-03-14,637,3,15
2020-03-14,638,2,15
2020-03-14,639,0,10
2020-03-14,640,0,80
2020-03-14,641,2,20
2020-03-14,642,0,20
2020-03-14,643,2,10
2020-03-14,644,0,50
2020-03-14,645,2,80
2020-03-14,646,2,50
2020-03-14,647,1,50
2020-03-14,648,0,15
2020-03-14,649,2,10
2020-03-14,650,0,90
2020-03-14,651,3,50
2020-03-14,652,2,15
2020-03-14,653,0,50
2020-03-14,654,3,10
2020-03-14,655,1,15
2020-03-14,656,1,80
2020-03-14,657,2,10
2020-03-14,658,2,20
2020-03-14,659,3,50
2020-03-14,660,1,80
2020-03-14,661,3,15
2020-03-14,662,1,90
2020-03-14,663,2,15
2020-03-14,664,3,50
2020-03-14,665,0,90
2020-03-14,666,1,50
2020-03-14,667,2,90
2020-03-14,668,2,10
2020-03-14,669,1,50
2020-03-14,670,2,90
2020-03-14,671,0,20
2020-03-14,672,0,90
2020-03-14,673,1,80
2020-03-14,674,3,20
2020-03-14,675,2,50
2020-03-14,676,3,10
2020-03-14,677,3,15
2020-03-14,678,2,80
2020-03-14,679,3,90
2020-03-14,680,0,80
2020-03-14,681,3,80
2020-03-14,682,2,50
2020-03-14,683,2,20
2020-03-14,684,2,15
2020-03-14,685,3,15
2020-03-14,686,2,80
2020-03-14,687,2,50
2020-03-14,688,3,20
2020-03-14,689,0,20
2020-03-14,690,2,10
2020-03-14,691,1,20
2020-03-14,692,0,10
2020-03-14,693,3,10
2020-03-14,694,2,50
2020-03-14,695,0,50
2020-03-14,696,3,90
2020-03-14,697,3,10
2020-03-14,698,2,15
2020-03-14,699,1,90
2020-03-14,700,0,10
2020-03-14,701,1,80
2020-03-14,702,3,15
2020-03-14,703,3,90
2020-03-14,704,3,50
2020-03-14,705,2,10
2020-03-14,706,1,90
2020-03-14,707,0,50
2020-03-14,708,1,20
2020-03-14,709,3,50
2020-03-14,710,2,20
2020-03-14,711,0,10
2020-03-14,712,1,90
2020-03-14,713,2,50
2020-03-14,714,2,15
2020-03-14,715,2,50
2020-03-14,716,3,90
2020-03-14,717,2,10
2020-03-14,718,1,80
2020-03-14,719,3,90
2020-03-14,720,0,15
2020-03-14,721,1,50
2020-03-14,722,2,20
2020-03-14,723,0,90
2020-03-14,724,1,15
2020-03-14,725,2,90
2020-03-14,726,3,20
2020-03-14,727,3,15
2020-03-14,728,1,15
2020-03-14,729,2,50
2020-03-14,730,1,15
2020-03-14,731,1,15
2020-03-14,732,2,15
2020-03-14,733,1,10
2020-03-14,734,2,20
2020-03-14,735,1,80
2020-03-14,736,2,90
2020-03-14,737,1,10
2020-03-14,738,0,80
2020-03-14,739,2,15
2020-03-14,740,2,50
2020-03-14,741,0,15
2020-03-14,742,0,90
2020-03-14,743,3,90
2020-03-14,744,0,10
2020-03-14,745,2,15
2020-03-14,746,1,15
2020-03-14,747,0,10
2020-03-14,748,0,20
2020-03-14,749,2,50
2020-03-14,750,2,90
2020-03-14,751,2,50
2020-03-14,752,3,90
2020-03-14,753,2,50
2020-03-14,754,3,50
2020-03-14,755,3,20
2020-03-14,756,2,20
2020-03-14,757,3,15
2020-03-14,758,3,90
2020-03-14,759,1,50
2020-03-14,760,3,10
2020-03-14,761,0,15
2020-03-14,762,3,80
2020-03-14,763,2,50
2020-03-14,764,0,80
2020-03-14,765,2,10
2020-03-14,766,2,50
2020-03-14,767,3,20
2020-03-14,768,2,10
2020-03-14,769,0,80
2020-03-14,770,3,80
2020-03-14,771,3,15
2020-03-14,772,2,90
2020-03-14,773,3,10
2020-03-14,774,3,50
2020-03-14,775,1,15
2020-03-14,776,1,20
2020-03-14,777,2,15
2020-03-14,778,2,80
2020-03-14,779,2,10
2020-03-14,780,2,50
2020-03-14,781,1,50
2020-03-14,782,2,20
2020-03-14,783,1,10
2020-03-14,784,2,15
2020-03-14,785,1,15
2020-03-14,786,0,50
2020-03-14,787,3,90
2020-03-14,788,2,20
2020-03-14,789,3,10
2020-03-14,790,2,20
2020-03-14,791,3,80
2020-03-14,792,2,90
2020-03-14,793,0,80
2020-03-14,794,2,15
2020-03-14,795,1,50
2020-03-14,796,0,90
2020-03-14,797,3,15
2020-03-14,798,1,20
2020-03-14,799,3,10
2020-03-14,800,0,10
2020-03-14,801,0,80
2020-03-14,802,0,50
2020-03-14,803,0,20
2020-03-14,804,2,50
2020-03-14,805,0,80
2020-03-14,806,3,15
2020-03-14,807,2,80
2020-03-14,808,1,10
2020-03-14,809,3,20
2020-03-14,810,1,50
2020-03-14,811,2,90
2020-03-14,812,1,20
2020-03-14,813,0,90
2020-03-14,814,1,20
2020-03-14,815,3,90
2020-03-14,816,2,20
2020-03-14,817,3,80
2020-03-14,818,1,10
2020-03-14,819,3,15
2020-03-14,820,0,20
2020-03-14,821,2,80
2020-03-14,822,2,90
2020-03-14,823,2,15
2020-03-14,824,2,90
2020-03-14,825,0,90
2020-03-14,826,2,20
2020-03-14,827,3,15
2020-03-14,828,1,20
2020-03-14,829,1,50
2020-03-14,830,3,90
2020-03-14,831,0,15
2020-03-14,832,2,80
2020-03-14,833,0,90
2020-03-14,834,3,15
2020-03-14,835,1,80
2020-03-14,836,1,50
2020-03-14,837,1,20
2020-03-14,838,2,90
2020-03-14,839,2,90
2020-03-14,840,0,90
2020-03-14,841,1,15
2020-03-14,842,2,80
2020-03-14,843,2,50
2020-03-14,844,2,90
2020-03-14,845,2,20
2020-03-14,846,2,15
2020-03-14,847,0,80
2020-03-14,848,2,20
2020-03-14,849,1,90
2020-03-14,850,1,20
2020-03-14,851,3,50
2020-03-14,852,2,15
2020-03-14,853,0,15
2020-03-14,854,1,15
2020-03-14,855,0,80
2020-03-14,856,2,90
2020-03-14,857,3,50
2020-03-14,858,0,90
2020-03-14,859,2,10
2020-03-14,860,3,10
2020-03-14,861,0,90
2020-03-14,862,3,90
2020-03-14,863,2,10
2020-03-14,864,2,10
2020-03-14,865,2,10
2020-03-14,866,0,80
2020-03-14,867,3,50
2020-03-14,868,2,10
2020-03-14,869,3,10
2020-03-14,870,1,20
2020-03-14,871,3,10
2020-03-14,872,2,90
2020-03-14,873,3,15
2020-03-14,874,0,15
2020-03-14,875,0,80
2020-03-14,876,0,50
2020-03-14,877,3,80
2020-03-14,878,2,10
2020-03-14,879,1,90
2020-03-14,880,3,15
2020-03-14,881,2,10
2020-03-14,882,3,20
2020-03-14,883,1,20
2020-03-14,884,2,50
2020-03-14,885,0,10
2020-03-14,886,1,90
2020-03-14,887,2,10
2020-03-14,888,0,50
2020-03-14,889,0,10
2020-03-14,890,2,15
2020-03-14,891,0,50
2020-03-14,892,2,15
2020-03-14,893,1,50
2020-03-14,894,0,50
2020-03-14,895,3,10
2020-03-14,896,3,20
2020-03-14,897,3,10
2020-03-14,898,0,50
2020-03-14,899,1,90
2020-03-14,900,1,50
2020-03-14,901,0,15
2020-03-14,902,2,50
2020-03-14,903,2,15
2020-03-14,904,1,90
2020-03-14,905,1,10
2020-03-14,906,0,10
2020-03-14,907,2,80
2020-03-14,908,0,50
2020-03-14,909,3,80
2020-03-14,910,0,80
2020-03-14,911,3,10
2020-03-14,912,3,15
2020-03-14,913,2,80
2020-03-14,914,3,10
2020-03-14,915,0,20
2020-03-14,916,1,90
2020-03-14,917,3,80
2020-03-14,918,2,10
2020-03-14,919,3,20
2020-03-14,920,3,90
2020-03-14,921,3,15
2020-03-14,922,0,80
2020-03-14,923,0,15
2020-03-14,924,3,10
2020-03-14,925,2,20
2020-03-14,926,2,20
2020-03-14,927,3,50
2020-03-14,928,3,90
2020-03-14,929,0,50
2020-03-14,930,1,20
2020-03-14,931,1,90
2020-03-14,932,3,90
2020-03-14,933,2,50
2020-03-14,934,3,50
2020-03-14,935,1,10
2020-03-14,936,3,80
2020-03-14,937,3,10
2020-03-14,938,0,15
2020-03-14,939,3,10
2020-03-14,940,2,20
2020-03-14,941,1,15
2020-03-14,942,0,20
2020-03-14,943,1,10
2020-03-14,944,3,15
2020-03-14,945,1,50
2020-03-14,946,1,80
2020-03-14,947,0,15
2020-03-14,948,3,15
2020-03-14,949,1,15
2020-03-14,950,3,80
2020-03-14,951,3,10
2020-03-14,952,1,50
2020-03-14,953,2,50
2020-03-14,954,2,10
2020-03-14,955,2,20
2020-03-14,956,0,90
2020-03-14,957,1,20
2020-03-14,958,3,90
2020-03-14,959,2,10
2020-03-14,960,0,50
2020-03-14,961,3,15
2020-03-14,962,2,80
2020-03-14,963,2,20
2020-03-14,964,1,50
2020-03-14,965,2,15
2020-03-14,966,2,20
2020-03-14,967,1,80
2020-03-14,968,0,10
2020-03-14,969,0,20
2020-03-14,970,3,15
2020-03-14,971,1,50
2020-03-14,972,2,15
2020-03-14,973,1,90
2020-03-14,974,2,80
2020-03-14,975,3,20
2020-03-14,976,1,10
2020-03-14,977,2,15
2020-03-14,978,3,20
2020-03-14,979,2,80
2020-03-14,980,2,90
2020-03-14,981,1,10
2020-03-14,982,0,80
2020-03-14,983,2,50
2020-03-14,984,1,80
2020-03-14,985,0,90
2020-03-14,986,2,10
2020-03-14,987,1,20
2020-03-14,988,0,10
2020-03-14,989,3,15
2020-03-14,990,0,10
2020-03-14,991,2,20
2020-03-14,992,0,10
2020-03-14,993,2,20
2020-03-14,994,1,20
2020-03-14,995,1,20
2020-03-14,996,3,15
2020-03-14,997,2,80
2020-03-14,998,1,10
2020-03-14,999,2,90
2020-03-14,1000,2,20
2020-03-14,1001,3,50
2020-03-14,1002,3,15
2020-03-14,1003,3,10
2020-03-14,1004,3,90
2020-03-14,1005,1,20
2020-03-14,1006,3,80
2020-03-14,1007,0,90
2020-03-14,1008,2,50
2020-03-14,1009,0,50
2020-03-14,1010,2,80
2020-03-14,1011,1,50
2020-03-14,1012,2,20
2020-03-14,1013,0,10
2020-03-14,1014,1,90
2020-03-14,1015,3,90
2020-03-14,1016,1,20
2020-03-14,1017,1,90
2020-03-14,1018,2,90
2020-03-14,1019,0,15
2020-03-14,1020,2,15
2020-03-14,1021,2,90
2020-03-14,1022,3,10
2020-03-14,1023,0,80
2020-03-14,1024,2,80
2020-03-14,1025,3,20
2020-03-14,1026,1,10
2020-03-14,1027,2,50
2020-03-14,1028,2,20
2020-03-14,1029,1,20
2020-03-14,1030,1,50
2020-03-14,1031,0,15
2020-03-14,1032,0,15
2020-03-14,1033,1,15
2020-03-14,1034,0,10
2020-03-14,1035,3,15
2020-03-14,1036,1,80
2020-03-14,1037,0,20
2020-03-14,1038,3,90
2020-03-14,1039,1,50
2020-03-14,1040,0,20
2020-03-14,1041,1,10
2020-03-14,1042,1,80
2020-03-14,1043,1,50
2020-03-14,1044,2,10
2020-03-14,1045,0,80
2020-03-14,1046,1,20
2020-03-14,1047,2,20
2020-03-14,1048,2,90
2020-03-14,1049,2,50
2020-03-14,1050,1,80
2020-03-14,1051,3,90
2020-03-14,1052,0,10
2020-03-14,1053,3,80
2020-03-14,1054,3,15
2020-03-14,1055,2,20
2020-03-14,1056,3,90
2020-03-14,1057,2,20
2020-03-14,1058,3,20
2020-03-14,1059,1,20
2020-03-14,1060,2,50
2020-03-14,1061,1,80
2020-03-14,1062,0,20
2020-03-14,1063,1,10
2020-03-14,1064,0,10
2020-03-14,1065,3,15
2020-03-14,1066,2,20
2020-03-14,1067,2,20
2020-03-14,1068,0,90
2020-03-14,1069,3,90
2020-03-14,1070,2,10
2020-03-14,1071,3,15
2020-03-14,1072,0,80
2020-03-14,1073,0,50
2020-03-14,1074,1,10
2020-03-14,1075,3,20
2020-03-14,1076,3,10
2020-03-14,1077,0,90
2020-03-14,1078,2,15
2020-03-14,1079,2,10
2020-03-14,1080,2,20
2020-03-14,1081,1,50
2020-03-14,1082,3,90
2020-03-14,1083,0,80
2020-03-14,1084,0,80
2020-03-14,1085,0,10
2020-03-14,1086,2,80
2020-03-14,1087,3,50
2020-03-14,1088,0,20
2020-03-14,1089,2,50
2020-03-14,1090,2,50
2020-03-14,1091,0,20
2020-03-14,1092,2,10
2020-03-14,1093,1,50
2020-03-14,1094,2,90
2020-03-14,1095,0,10
2020-03-14,1096,3,80
2020-03-14,1097,0,10
2020-03-14,1098,0,10
2020-03-14,1099,0,80
