2020-03-14,100,2,100
2020-03-14,101,2,1000
2020-03-14,102,1,10
2020-03-14,103,2,1000
2020-03-14,104,1,100
2020-03-14,105,1,50
2020-03-14,106,0,50
2020-03-14,107,2,1000
2020-03-14,108,0,50
2020-03-14,109,0,50
2020-03-14,110,0,100
2020-03-14,111,0,10
2020-03-14,112,2,100
2020-03-14,113,3,10
2020-03-14,114,3,200
2020-03-14,115,2,10
2020-03-14,116,1,15
2020-03-14,117,3,100
2020-03-14,118,3,15
2020-03-14,119,3,50
2020-03-14,120,1,100
2020-03-14,121,3,200
2020-03-14,122,2,1000
2020-03-14,123,1,200
2020-03-14,124,0,200
2020-03-14,125,1,1000
2020-03-14,126,1,15
2020-03-14,127,2,50
2020-03-14,128,3,200
2020-03-14,129,1,100
2020-03-14,130,2,1000
2020-03-14,131,1,1000
2020-03-14,132,3,50
2020-03-14,133,3,200
2020-03-14,134,0,10
2020-03-14,135,2,200
2020-03-14,136,3,10
2020-03-14,137,1,1000
2020-03-14,138,3,200
2020-03-14,139,1,50
2020-03-14,140,0,100
2020-03-14,141,3,10
2020-03-14,142,1,15
2020-03-14,143,0,15
2020-03-14,144,2,200
2020-03-14,145,3,100
2020-03-14,146,1,15
2020-03-14,147,3,10
2020-03-14,148,0,100
2020-03-14,149,2,200
2020-03-14,150,3,50
2020-03-14,151,0,1000
2020-03-14,152,1,1000
2020-03-14,153,0,200
2020-03-14,154,2,1000
2020-03-14,155,1,50
2020-03-14,156,0,1000
2020-03-14,157,3,50
2020-03-14,158,0,100
2020-03-14,159,2,200
2020-03-14,160,3,15
2020-03-14,161,3,1000
2020-03-14,162,3,100
2020-03-14,163,2,1000
2020-03-14,164,2,1000
2020-03-14,165,3,50
2020-03-14,166,3,15
2020-03-14,167,0,1000
2020-03-14,168,2,10
2020-03-14,169,3,1000
2020-03-14,170,2,100
2020-03-14,171,2,15
2020-03-14,172,0,100
2020-03-14,173,1,100
2020-03-14,174,0,50
2020-03-14,175,1,1000
2020-03-14,176,2,1000
2020-03-14,177,1,15
2020-03-14,178,1,10
2020-03-14,179,2,50
2020-03-14,180,0,15
2020-03-14,181,1,100
2020-03-14,182,1,10
2020-03-14,183,1,200
2020-03-14,184,0,50
2020-03-14,185,0,10
2020-03-14,186,0,10
2020-03-14,187,0,10
2020-03-14,188,1,200
2020-03-14,189,0,1000
2020-03-14,190,0,200
2020-03-14,191,1,10
2020-03-14,192,0,1000
2020-03-14,193,1,50
2020-03-14,194,3,10
2020-03-14,195,3,1000
2020-03-14,196,3,100
2020-03-14,197,3,50
2020-03-14,198,2,200
2020-03-14,199,0,50
2020-03-14,200,1,200
2020-03-14,201,3,200
2020-03-14,202,1,1000
2020-03-14,203,3,50
2020-03-14,204,0,15
2020-03-14,205,0,15
2020-03-14,206,0,1000
2020-03-14,207,2,100
2020-03-14,208,2,15
2020-03-14,209,3,1000
2020-03-14,210,0,1000
2020-03-14,211,0,50
2020-03-14,212,1,200
2020-03-14,213,2,1000
2020-03-14,214,0,15
2020-03-14,215,1,10
2020-03-14,216,2,15
2020-03-14,217,2,1000
2020-03-14,218,3,200
2020-03-14,219,3,50
2020-03-14,220,2,100
2020-03-14,221,3,100
2020-03-14,222,3,1000
2020-03-14,223,1,10
2020-03-14,224,2,10
2020-03-14,225,1,200
2020-03-14,226,0,100
2020-03-14,227,3,200
2020-03-14,228,1,50
2020-03-14,229,2,1000
2020-03-14,230,3,100
2020-03-14,231,0,100
2020-03-14,232,2,1000
2020-03-14,233,3,10
2020-03-14,234,3,10
2020-03-14,235,0,15
2020-03-14,236,0,50
2020-03-14,237,0,10
2020-03-14,238,3,200
2020-03-14,239,2,100
2020-03-14,240,2,10
2020-03-14,241,3,200
2020-03-14,242,0,1000
2020-03-14,243,1,200
2020-03-14,244,1,100
2020-03-14,245,2,1000
2020-03-14,246,0,50
2020-03-14,247,1,10
2020-03-14,248,2,100
2020-03-14,249,2,15
2020-03-14,250,2,200
2020-03-14,251,2,10
2020-03-14,252,0,15
2020-03-14,253,0,10
2020-03-14,254,2,100
2020-03-14,255,3,50
2020-03-14,256,1,50
2020-03-14,257,2,50
2020-03-14,258,1,200
2020-03-14,259,1,10
2020-03-14,260,2,10
2020-03-14,261,2,50
2020-03-14,262,2,50
2020-03-14,263,0,50
2020-03-14,264,3,100
2020-03-14,265,3,100
2020-03-14,266,3,200
2020-03-14,267,1,15
2020-03-14,268,2,1000
2020-03-14,269,1,200
2020-03-14,270,0,1000
2020-03-14,271,1,15
2020-03-14,272,1,200
2020-03-14,273,1,10
2020-03-14,274,0,50
2020-03-14,275,1,200
2020-03-14,276,3,100
2020-03-14,277,3,50
2020-03-14,278,2,100
2020-03-14,279,0,50
2020-03-14,280,1,15
2020-03-14,281,2,10
2020-03-14,282,2,100
2020-03-14,283,1,15
2020-03-14,284,0,200
2020-03-14,285,0,50
2020-03-14,286,2,15
2020-03-14,287,3,100
2020-03-14,288,0,100
2020-03-14,289,1,100
2020-03-14,290,2,15
2020-03-14,291,0,10
2020-03-14,292,3,100
2020-03-14,293,3,100
2020-03-14,294,3,10
2020-03-14,295,3,15
2020-03-14,296,0,50
2020-03-14,297,1,100
2020-03-14,298,1,10
2020-03-14,299,0,10
2020-03-14,300,3,50
2020-03-14,301,0,15
2020-03-14,302,2,15
2020-03-14,303,0,15
2020-03-14,304,2,15
2020-03-14,305,3,200
2020-03-14,306,2,10
2020-03-14,307,0,15
2020-03-14,308,1,10
2020-03-14,309,3,10
2020-03-14,310,0,50
2020-03-14,311,2,200
2020-03-14,312,0,100
2020-03-14,313,2,100
2020-03-14,314,2,50
2020-03-14,315,0,10
2020-03-14,316,3,100
2020-03-14,317,1,50
2020-03-14,318,3,10
2020-03-14,319,1,10
2020-03-14,320,0,10
2020-03-14,321,0,15
2020-03-14,322,1,50
2020-03-14,323,0,15
2020-03-14,324,0,15
2020-03-14,325,1,200
2020-03-14,326,1,1000
2020-03-14,327,1,15
2020-03-14,328,3,1000
2020-03-14,329,0,10
2020-03-14,330,0,10
2020-03-14,331,0,50
2020-03-14,332,3,10
2020-03-14,333,3,15
2020-03-14,334,2,1000
2020-03-14,335,2,15
2020-03-14,336,1,100
2020-03-14,337,2,50
2020-03-14,338,0,50
2020-03-14,339,1,10
2020-03-14,340,1,10
2020-03-14,341,1,1000
2020-03-14,342,2,200
2020-03-14,343,0,200
2020-03-14,344,2,1000
2020-03-14,345,0,50
2020-03-14,346,0,100
2020-03-14,347,1,15
2020-03-14,348,0,50
2020-03-14,349,1,10
2020-03-14,350,3,50
2020-03-14,351,1,15
2020-03-14,352,0,100
2020-03-14,353,0,50
2020-03-14,354,2,15
2020-03-14,355,2,15
2020-03-14,356,0,200
2020-03-14,357,0,15
2020-03-14,358,1,200
2020-03-14,359,1,15
2020-03-14,360,2,15
2020-03-14,361,1,1000
2020-03-14,362,0,200
2020-03-14,363,3,200
2020-03-14,364,3,15
2020-03-14,365,0,200
2020-03-14,366,1,15
2020-03-14,367,2,15
2020-03-14,368,0,15
2020-03-14,369,2,50
2020-03-14,370,2,50
2020-03-14,371,2,100
2020-03-14,372,0,100
2020-03-14,373,1,10
2020-03-14,374,2,1000
2020-03-14,375,3,1000
2020-03-14,376,0,10
2020-03-14,377,3,200
2020-03-14,378,2,10
2020-03-14,379,0,100
2020-03-14,380,1,10
2020-03-14,381,2,50
2020-03-14,382,3,1000
2020-03-14,383,2,200
2020-03-14,384,0,100
2020-03-14,385,0,15
2020-03-14,386,1,50
2020-03-14,387,0,50
2020-03-14,388,1,10
2020-03-14,389,3,50
2020-03-14,390,1,100
2020-03-14,391,0,10
2020-03-14,392,0,100
2020-03-14,393,0,100
2020-03-14,394,2,1000
2020-03-14,395,1,50
2020-03-14,396,3,15
2020-03-14,397,2,10
2020-03-14,398,0,100
2020-03-14,399,1,100
2020-03-14,400,2,1000
2020-03-14,401,1,15
2020-03-14,402,3,1000
2020-03-14,403,2,100
2020-03-14,404,2,15
2020-03-14,405,3,50
2020-03-14,406,3,100
2020-03-14,407,0,200
2020-03-14,408,2,200
2020-03-14,409,0,50
2020-03-14,410,1,200
2020-03-14,411,1,10
2020-03-14,412,3,15
2020-03-14,413,1,200
2020-03-14,414,1,10
2020-03-14,415,3,100
2020-03-14,416,0,200
2020-03-14,417,2,1000
2020-03-14,418,1,15
2020-03-14,419,3,200
2020-03-14,420,1,1000
2020-03-14,421,2,100
2020-03-14,422,3,10
2020-03-14,423,2,50
2020-03-14,424,1,50
2020-03-14,425,3,1000
2020-03-14,426,2,100
2020-03-14,427,2,10
2020-03-14,428,2,15
2020-03-14,429,3,50
2020-03-14,430,0,100
2020-03-14,431,1,50
2020-03-14,432,1,1000
2020-03-14,433,3,100
2020-03-14,434,3,200
2020-03-14,435,0,50
2020-03-14,436,1,10
2020-03-14,437,3,100
2020-03-14,438,0,15
2020-03-14,439,0,100
2020-03-14,440,1,100
2020-03-14,441,3,1000
2020-03-14,442,2,100
2020-03-14,443,0,200
2020-03-14,444,2,200
2020-03-14,445,0,100
2020-03-14,446,1,100
2020-03-14,447,1,1000
2020-03-14,448,0,10
2020-03-14,449,1,50
2020-03-14,450,3,200
2020-03-14,451,3,200
2020-03-14,452,1,50
2020-03-14,453,2,200
2020-03-14,454,2,1000
2020-03-14,455,2,15
2020-03-14,456,0,15
2020-03-14,457,1,1000
2020-03-14,458,3,50
2020-03-14,459,1,100
2020-03-14,460,3,200
2020-03-14,461,3,15
2020-03-14,462,2,50
2020-03-14,463,1,200
2020-03-14,464,3,50
2020-03-14,465,3,50
2020-03-14,466,0,10
2020-03-14,467,0,10
2020-03-14,468,0,200
2020-03-14,469,3,10
2020-03-14,470,2,10
2020-03-14,471,2,200
2020-03-14,472,1,100
2020-03-14,473,2,100
2020-03-14,474,1,100
2020-03-14,475,0,1000
2020-03-14,476,2,100
2020-03-14,477,3,100
2020-03-14,478,3,1000
2020-03-14,479,0,200
2020-03-14,480,0,200
2020-03-14,481,1,50
2020-03-14,482,1,100
2020-03-14,483,3,15
2020-03-14,484,2,1000
2020-03-14,485,2,1000
2020-03-14,486,2,50
2020-03-14,487,3,50
2020-03-14,488,3,10
2020-03-14,489,1,10
2020-03-14,490,1,1000
2020-03-14,491,2,200
2020-03-14,492,3,50
2020-03-14,493,3,1000
2020-03-14,494,0,15
2020-03-14,495,3,1000
2020-03-14,496,2,200
2020-03-14,497,2,200
2020-03-14,498,3,10
2020-03-14,499,3,100
2020-03-14,500,3,10
2020-03-14,501,2,1000
2020-03-14,502,2,200
2020-03-14,503,3,15
2020-03-14,504,0,50
2020-03-14,505,3,15
2020-03-14,506,1,50
2020-03-14,507,3,1000
2020-03-14,508,0,1000
2020-03-14,509,0,200
2020-03-14,510,0,15
2020-03-14,511,0,200
2020-03-14,512,3,50
2020-03-14,513,2,15
2020-03-14,514,1,15
2020-03-14,515,3,200
2020-03-14,516,0,10
2020-03-14,517,0,10
2020-03-14,518,3,100
2020-03-14,519,1,10
2020-03-14,520,1,50
2020-03-14,521,3,200
2020-03-14,522,0,10
2020-03-14,523,2,10
2020-03-14,524,0,15
2020-03-14,525,1,10
2020-03-14,526,2,15
2020-03-14,527,1,10
2020-03-14,528,2,10
2020-03-14,529,3,10
2020-03-14,530,3,1000
2020-03-14,531,3,15
2020-03-14,532,0,200
2020-03-14,533,1,15
2020-03-14,534,2,1000
2020-03-14,535,1,10
2020-03-14,536,0,50
2020-03-14,537,3,200
2020-03-14,538,3,200
2020-03-14,539,2,1000
2020-03-14,540,3,200
2020-03-14,541,0,1000
2020-03-14,542,3,10
2020-03-14,543,3,100
2020-03-14,544,1,1000
2020-03-14,545,0,200
2020-03-14,546,0,100
2020-03-14,547,2,200
2020-03-14,548,3,50
2020-03-14,549,0,200
2020-03-14,550,0,1000
2020-03-14,551,0,15
2020-03-14,552,3,1000
2020-03-14,553,3,50
2020-03-14,554,3,100
2020-03-14,555,3,10
2020-03-14,556,2,100
2020-03-14,557,0,200
2020-03-14,558,1,50
2020-03-14,559,1,1000
2020-03-14,560,0,200
2020-03-14,561,1,50
2020-03-14,562,1,200
2020-03-14,563,3,15
2020-03-14,564,2,15
2020-03-14,565,2,15
2020-03-14,566,1,1000
2020-03-14,567,1,100
2020-03-14,568,1,15
2020-03-14,569,0,15
2020-03-14,570,2,10
2020-03-14,571,3,15
2020-03-14,572,0,10
2020-03-14,573,0,15
2020-03-14,574,1,1000
2020-03-14,575,3,100
2020-03-14,576,2,1000
2020-03-14,577,0,50
2020-03-14,578,3,1000
2020-03-14,579,3,100
2020-03-14,580,0,100
2020-03-14,581,3,15
2020-03-14,582,0,1000
2020-03-14,583,1,15
2020-03-14,584,3,200
2020-03-14,585,2,200
2020-03-14,586,3,10
2020-03-14,587,0,50
2020-03-14,588,2,1000
2020-03-14,589,2,100
2020-03-14,590,2,100
2020-03-14,591,1,200
2020-03-14,592,0,50
2020-03-14,593,1,15
2020-03-14,594,3,100
2020-03-14,595,0,100
2020-03-14,596,3,100
2020-03-14,597,3,50
2020-03-14,598,2,1000
2020-03-14,599,0,50
2020-03-14,600,0,1000
2020-03-14,601,2,100
2020-03-14,602,2,100
2020-03-14,603,1,10
2020-03-14,604,0,50
2020-03-14,605,0,50
2020-03-14,606,1,15
2020-03-14,607,2,50
2020-03-14,608,1,50
2020-03-14,609,1,1000
2020-03-14,610,2,50
2020-03-14,611,2,50
2020-03-14,612,1,200
2020-03-14,613,2,1000
2020-03-14,614,3,10
2020-03-14,615,3,100
2020-03-14,616,2,10
2020-03-14,617,1,10
2020-03-14,618,3,15
2020-03-14,619,2,15
2020-03-14,620,0,100
2020-03-14,621,2,100
2020-03-14,622,1,50
2020-03-14,623,0,50
2020-03-14,624,2,50
2020-03-14,625,1,15
2020-03-14,626,2,10
2020-03-14,627,1,1000
2020-03-14,628,2,100
2020-03-14,629,0,1000
2020-03-14,630,1,15
2020-03-14,631,1,200
2020-03-14,632,1,200
2020-03-14,633,2,1000
2020-03-14,634,0,100
2020-03-14,635,2,200
2020-03-14,636,2,100
2020-03-14,637,0,200
2020-03-14,638,0,50
2020-03-14,639,3,10
2020-03-14,640,1,200
2020-03-14,641,1,10
2020-03-14,642,3,1000
2020-03-14,643,3,50
2020-03-14,644,2,1000
2020-03-14,645,1,50
2020-03-14,646,0,50
2020-03-14,647,0,15
2020-03-14,648,2,10
2020-03-14,649,1,1000
2020-03-14,650,1,10
2020-03-14,651,1,10
2020-03-14,652,1,200
2020-03-14,653,1,1000
2020-03-14,654,3,100
2020-03-14,655,1,50
2020-03-14,656,1,15
2020-03-14,657,0,15
2020-03-14,658,0,1000
2020-03-14,659,0,100
2020-03-14,660,3,100
2020-03-14,661,2,50
2020-03-14,662,3,200
2020-03-14,663,0,200
2020-03-14,664,2,1000
2020-03-14,665,1,100
2020-03-14,666,0,10
2020-03-14,667,3,15
2020-03-14,668,1,15
2020-03-14,669,3,50
2020-03-14,670,0,1000
2020-03-14,671,2,10
2020-03-14,672,0,100
2020-03-14,673,0,10
2020-03-14,674,2,50
2020-03-14,675,1,200
2020-03-14,676,3,1000
2020-03-14,677,0,50
2020-03-14,678,0,15
2020-03-14,679,1,50
2020-03-14,680,1,200
2020-03-14,681,3,100
2020-03-14,682,1,15
2020-03-14,683,3,1000
2020-03-14,684,1,1000
2020-03-14,685,3,50
2020-03-14,686,2,10
2020-03-14,687,3,1000
2020-03-14,688,3,100
2020-03-14,689,3,10
2020-03-14,690,3,10
2020-03-14,691,1,15
2020-03-14,692,1,50
2020-03-14,693,1,1000
2020-03-14,694,1,200
2020-03-14,695,0,10
2020-03-14,696,2,15
2020-03-14,697,2,100
2020-03-14,698,2,100
2020-03-14,699,1,1000
2020-03-14,700,2,15
2020-03-14,701,2,100
2020-03-14,702,1,200
2020-03-14,703,1,100
2020-03-14,704,1,10
2020-03-14,705,3,50
2020-03-14,706,3,10
2020-03-14,707,2,1000
2020-03-14,708,0,50
2020-03-14,709,3,50
2020-03-14,710,3,10
2020-03-14,711,3,50
2020-03-14,712,2,1000
2020-03-14,713,2,50
2020-03-14,714,2,1000
2020-03-14,715,3,15
2020-03-14,716,2,50
2020-03-14,717,2,50
2020-03-14,718,2,100
2020-03-14,719,1,1000
2020-03-14,720,3,10
2020-03-14,721,1,200
2020-03-14,722,3,10
2020-03-14,723,2,50
2020-03-14,724,2,1000
2020-03-14,725,1,15
2020-03-14,726,2,15
2020-03-14,727,3,100
2020-03-14,728,3,200
2020-03-14,729,3,100
2020-03-14,730,1,200
2020-03-14,731,2,50
2020-03-14,732,1,10
2020-03-14,733,0,10
2020-03-14,734,3,15
2020-03-14,735,1,15
2020-03-14,736,1,100
2020-03-14,737,1,200
2020-03-14,738,1,100
2020-03-14,739,0,1000
2020-03-14,740,3,200
2020-03-14,741,0,200
2020-03-14,742,1,1000
2020-03-14,743,0,15
2020-03-14,744,0,1000
2020-03-14,745,1,200
2020-03-14,746,2,15
2020-03-14,747,2,15
2020-03-14,748,0,1000
2020-03-14,749,0,10
2020-03-14,750,2,15
2020-03-14,751,3,200
2020-03-14,752,2,50
2020-03-14,753,1,50
2020-03-14,754,0,200
2020-03-14,755,1,10
2020-03-14,756,0,50
2020-03-14,757,3,50
2020-03-14,758,2,50
2020-03-14,759,1,50
2020-03-14,760,3,1000
2020-03-14,761,3,10
2020-03-14,762,1,1000
2020-03-14,763,2,1000
2020-03-14,764,1,1000
2020-03-14,765,0,100
2020-03-14,766,3,1000
2020-03-14,767,3,100
2020-03-14,768,2,15
2020-03-14,769,1,10
2020-03-14,770,0,50
2020-03-14,771,1,100
2020-03-14,772,3,100
2020-03-14,773,2,15
2020-03-14,774,0,50
2020-03-14,775,0,50
2020-03-14,776,3,15
2020-03-14,777,2,100
2020-03-14,778,0,15
2020-03-14,779,0,200
2020-03-14,780,2,200
2020-03-14,781,1,100
2020-03-14,782,1,1000
2020-03-14,783,2,10
2020-03-14,784,0,50
2020-03-14,785,1,50
2020-03-14,786,2,10
2020-03-14,787,1,10
2020-03-14,788,1,10
2020-03-14,789,2,1000
2020-03-14,790,2,15
2020-03-14,791,1,50
2020-03-14,792,3,200
2020-03-14,793,0,1000
2020-03-14,794,3,10
2020-03-14,795,0,50
2020-03-14,796,0,15
2020-03-14,797,3,1000
2020-03-14,798,1,10
2020-03-14,799,3,200
2020-03-14,800,2,50
2020-03-14,801,1,1000
2020-03-14,802,1,1000
2020-03-14,803,0,15
2020-03-14,804,1,50
2020-03-14,805,0,1000
2020-03-14,806,2,50
2020-03-14,807,0,1000
2020-03-14,808,3,15
2020-03-14,809,2,50
2020-03-14,810,1,10
2020-03-14,811,2,15
2020-03-14,812,1,10
2020-03-14,813,1,100
2020-03-14,814,0,15
2020-03-14,815,2,100
2020-03-14,816,3,50
2020-03-14,817,2,1000
2020-03-14,818,0,100
2020-03-14,819,2,50
2020-03-14,820,3,200
2020-03-14,821,2,200
2020-03-14,822,1,10
2020-03-14,823,0,1000
2020-03-14,824,0,200
2020-03-14,825,2,100
2020-03-14,826,3,1000
2020-03-14,827,0,50
2020-03-14,828,0,200
2020-03-14,829,0,50
2020-03-14,830,1,50
2020-03-14,831,3,1000
2020-03-14,832,3,15
2020-03-14,833,0,10
2020-03-14,834,2,100
2020-03-14,835,3,100
2020-03-14,836,0,200
2020-03-14,837,2,15
2020-03-14,838,0,50
2020-03-14,839,2,100
2020-03-14,840,3,200
2020-03-14,841,1,100
2020-03-14,842,1,15
2020-03-14,843,2,200
2020-03-14,844,1,100
2020-03-14,845,3,200
2020-03-14,846,1,10
2020-03-14,847,2,100
2020-03-14,848,3,15
2020-03-14,849,3,50
2020-03-14,850,0,10
2020-03-14,851,3,50
2020-03-14,852,2,1000
2020-03-14,853,2,100
2020-03-14,854,1,10
2020-03-14,855,3,15
2020-03-14,856,0,10
2020-03-14,857,0,1000
2020-03-14,858,3,1000
2020-03-14,859,1,15
2020-03-14,860,2,10
2020-03-14,861,2,100
2020-03-14,862,3,50
2020-03-14,863,1,1000
2020-03-14,864,3,200
2020-03-14,865,0,50
2020-03-14,866,0,15
2020-03-14,867,0,100
2020-03-14,868,1,50
2020-03-14,869,3,1000
2020-03-14,870,0,10
2020-03-14,871,3,50
2020-03-14,872,0,50
2020-03-14,873,2,100
2020-03-14,874,3,200
2020-03-14,875,0,200
2020-03-14,876,3,50
2020-03-14,877,0,50
2020-03-14,878,1,50
2020-03-14,879,0,50
2020-03-14,880,0,100
2020-03-14,881,0,200
2020-03-14,882,3,50
2020-03-14,883,2,200
2020-03-14,884,2,50
2020-03-14,885,2,1000
2020-03-14,886,1,50
2020-03-14,887,2,15
2020-03-14,888,1,15
2020-03-14,889,2,15
2020-03-14,890,1,1000
2020-03-14,891,3,15
2020-03-14,892,1,200
2020-03-14,893,3,200
2020-03-14,894,1,100
2020-03-14,895,0,10
2020-03-14,896,0,15
2020-03-14,897,0,200
2020-03-14,898,1,200
2020-03-14,899,2,100
2020-03-14,900,2,1000
2020-03-14,901,0,100
2020-03-14,902,2,50
2020-03-14,903,1,1000
2020-03-14,904,3,10
2020-03-14,905,1,1000
2020-03-14,906,1,200
2020-03-14,907,2,10
2020-03-14,908,0,15
2020-03-14,909,0,10
2020-03-14,910,2,50
2020-03-14,911,1,15
2020-03-14,912,0,15
2020-03-14,913,2,15
2020-03-14,914,1,10
2020-03-14,915,2,15
2020-03-14,916,0,15
2020-03-14,917,1,200
2020-03-14,918,2,10
2020-03-14,919,1,15
2020-03-14,920,0,15
2020-03-14,921,0,50
2020-03-14,922,2,50
2020-03-14,923,2,10
2020-03-14,924,3,15
2020-03-14,925,1,15
2020-03-14,926,0,200
2020-03-14,927,0,1000
2020-03-14,928,3,15
2020-03-14,929,0,15
2020-03-14,930,1,1000
2020-03-14,931,0,100
2020-03-14,932,1,10
2020-03-14,933,3,50
2020-03-14,934,3,1000
2020-03-14,935,2,10
2020-03-14,936,0,50
2020-03-14,937,2,1000
2020-03-14,938,3,200
2020-03-14,939,0,1000
2020-03-14,940,1,1000
2020-03-14,941,3,200
2020-03-14,942,3,50
2020-03-14,943,2,200
2020-03-14,944,0,50
2020-03-14,945,2,200
2020-03-14,946,2,200
2020-03-14,947,0,50
2020-03-14,948,0,100
2020-03-14,949,3,15
2020-03-14,950,1,100
2020-03-14,951,3,15
2020-03-14,952,2,15
2020-03-14,953,2,50
2020-03-14,954,0,200
2020-03-14,955,0,100
2020-03-14,956,1,10
2020-03-14,957,0,200
2020-03-14,958,2,200
2020-03-14,959,0,1000
2020-03-14,960,0,15
2020-03-14,961,2,200
2020-03-14,962,2,100
2020-03-14,963,1,15
2020-03-14,964,2,100
2020-03-14,965,3,50
2020-03-14,966,2,1000
2020-03-14,967,1,200
2020-03-14,968,2,15
2020-03-14,969,2,15
2020-03-14,970,1,50
2020-03-14,971,2,100
2020-03-14,972,1,15
2020-03-14,973,0,50
2020-03-14,974,3,100
2020-03-14,975,0,100
2020-03-14,976,0,15
2020-03-14,977,0,200
2020-03-14,978,3,15
2020-03-14,979,1,200
2020-03-14,980,0,15
2020-03-14,981,0,15
2020-03-14,982,2,1000
2020-03-14,983,3,200
2020-03-14,984,1,100
2020-03-14,985,1,50
2020-03-14,986,2,50
2020-03-14,987,0,200
2020-03-14,988,1,10
2020-03-14,989,0,200
2020-03-14,990,2,10
2020-03-14,991,3,100
2020-03-14,992,1,1000
2020-03-14,993,1,100
2020-03-14,994,1,200
2020-03-14,995,0,100
2020-03-14,996,2,200
2020-03-14,997,1,15
2020-03-14,998,0,10
2020-03-14,999,3,1000
2020-03-14,1000,1,15
2020-03-14,1001,1,15
2020-03-14,1002,2,10
2020-03-14,1003,3,50
2020-03-14,1004,3,10
2020-03-14,1005,0,1000
2020-03-14,1006,2,1000
2020-03-14,1007,0,1000
2020-03-14,1008,0,15
2020-03-14,1009,2,10
2020-03-14,1010,2,1000
2020-03-14,1011,1,15
2020-03-14,1012,3,100
2020-03-14,1013,2,200
2020-03-14,1014,1,10
2020-03-14,1015,3,15
2020-03-14,1016,3,100
2020-03-14,1017,3,1000
2020-03-14,1018,1,100
2020-03-14,1019,3,100
2020-03-14,1020,3,1000
2020-03-14,1021,3,100
2020-03-14,1022,3,10
2020-03-14,1023,2,200
2020-03-14,1024,3,100
2020-03-14,1025,0,15
2020-03-14,1026,3,15
2020-03-14,1027,3,1000
2020-03-14,1028,2,15
2020-03-14,1029,3,100
2020-03-14,1030,0,15
2020-03-14,1031,3,200
2020-03-14,1032,2,10
2020-03-14,1033,0,100
2020-03-14,1034,2,200
2020-03-14,1035,2,100
2020-03-14,1036,0,200
2020-03-14,1037,1,200
2020-03-14,1038,2,10
2020-03-14,1039,0,10
2020-03-14,1040,3,1000
2020-03-14,1041,3,100
2020-03-14,1042,1,100
2020-03-14,1043,3,200
2020-03-14,1044,3,15
2020-03-14,1045,3,10
2020-03-14,1046,3,1000
2020-03-14,1047,1,100
2020-03-14,1048,1,50
2020-03-14,1049,0,1000
2020-03-14,1050,2,100
2020-03-14,1051,0,200
2020-03-14,1052,2,15
2020-03-14,1053,0,200
2020-03-14,1054,3,10
2020-03-14,1055,0,15
2020-03-14,1056,2,100
2020-03-14,1057,3,100
2020-03-14,1058,2,15
2020-03-14,1059,1,1000
2020-03-14,1060,3,200
2020-03-14,1061,0,10
2020-03-14,1062,1,50
2020-03-14,1063,1,100
2020-03-14,1064,3,15
2020-03-14,1065,0,50
2020-03-14,1066,0,50
2020-03-14,1067,2,10
2020-03-14,1068,2,1000
2020-03-14,1069,0,10
2020-03-14,1070,2,50
2020-03-14,1071,2,10
2020-03-14,1072,3,10
2020-03-14,1073,1,100
2020-03-14,1074,2,10
2020-03-14,1075,1,10
2020-03-14,1076,0,15
2020-03-14,1077,3,200
2020-03-14,1078,2,100
2020-03-14,1079,0,50
2020-03-14,1080,0,200
2020-03-14,1081,0,100
2020-03-14,1082,2,1000
2020-03-14,1083,0,100
2020-03-14,1084,0,1000
2020-03-14,1085,0,15
2020-03-14,1086,1,15
2020-03-14,1087,2,1000
2020-03-14,1088,1,200
2020-03-14,1089,2,1000
2020-03-14,1090,0,15
2020-03-14,1091,1,10
2020-03-14,1092,3,10
2020-03-14,1093,0,200
2020-03-14,1094,2,50
2020-03-14,1095,0,100
2020-03-14,1096,1,50
2020-03-14,1097,0,15
2020-03-14,1098,2,100
2020-03-14,1099,2,1000
