2020-03-19,100,2,15
2020-03-19,101,2,200
2020-03-19,102,3,10
2020-03-19,103,3,50
2020-03-19,104,1,100
2020-03-19,105,2,100
2020-03-19,106,1,50
2020-03-19,107,2,10
2020-03-19,108,3,1000
2020-03-19,109,2,10
2020-03-19,110,0,10
2020-03-19,111,1,10
2020-03-19,112,3,1000
2020-03-19,113,0,1000
2020-03-19,114,1,10
2020-03-19,115,3,1000
2020-03-19,116,0,100
2020-03-19,117,1,200
2020-03-19,118,1,15
2020-03-19,119,3,200
2020-03-19,120,3,100
2020-03-19,121,3,10
2020-03-19,122,0,1000
2020-03-19,123,3,100
2020-03-19,124,0,10
2020-03-19,125,3,50
2020-03-19,126,0,15
2020-03-19,127,2,200
2020-03-19,128,1,200
2020-03-19,129,0,200
2020-03-19,130,3,100
2020-03-19,131,0,1000
2020-03-19,132,2,1000
2020-03-19,133,0,200
2020-03-19,134,3,200
2020-03-19,135,2,15
2020-03-19,136,3,100
2020-03-19,137,2,100
2020-03-19,138,3,15
2020-03-19,139,2,15
2020-03-19,140,3,10
2020-03-19,141,0,10
2020-03-19,142,1,10
2020-03-19,143,3,100
2020-03-19,144,3,50
2020-03-19,145,0,15
2020-03-19,146,1,100
2020-03-19,147,2,200
2020-03-19,148,2,200
2020-03-19,149,0,200
2020-03-19,150,1,15
2020-03-19,151,1,1000
2020-03-19,152,0,15
2020-03-19,153,2,50
2020-03-19,154,3,1000
2020-03-19,155,0,50
2020-03-19,156,1,200
2020-03-19,157,3,10
2020-03-19,158,1,200
2020-03-19,159,3,50
2020-03-19,160,1,10
2020-03-19,161,2,200
2020-03-19,162,3,10
2020-03-19,163,3,50
2020-03-19,164,0,10
2020-03-19,165,3,1000
2020-03-19,166,1,100
2020-03-19,167,0,100
2020-03-19,168,3,200
2020-03-19,169,0,1000
2020-03-19,170,2,10
2020-03-19,171,0,15
2020-03-19,172,0,1000
2020-03-19,173,0,1000
2020-03-19,174,0,10
2020-03-19,175,3,50
2020-03-19,176,3,100
2020-03-19,177,2,200
2020-03-19,178,3,1000
2020-03-19,179,1,200
2020-03-19,180,1,15
2020-03-19,181,0,100
2020-03-19,182,0,1000
2020-03-19,183,3,10
2020-03-19,184,0,10
2020-03-19,185,3,10
2020-03-19,186,0,50
2020-03-19,187,2,100
2020-03-19,188,2,1000
2020-03-19,189,1,10
2020-03-19,190,3,50
2020-03-19,191,2,15
2020-03-19,192,0,50
2020-03-19,193,2,10
2020-03-19,194,3,50
2020-03-19,195,1,100
2020-03-19,196,0,50
2020-03-19,197,3,10
2020-03-19,198,1,1000
2020-03-19,199,0,100
2020-03-19,200,1,1000
2020-03-19,201,0,15
2020-03-19,202,0,1000
2020-03-19,203,1,10
2020-03-19,204,3,15
2020-03-19,205,3,100
2020-03-19,206,2,1000
2020-03-19,207,2,10
2020-03-19,208,0,1000
2020-03-19,209,0,100
2020-03-19,210,2,10
2020-03-19,211,0,10
2020-03-19,212,3,50
2020-03-19,213,0,1000
2020-03-19,214,0,10
2020-03-19,215,2,1000
2020-03-19,216,2,100
2020-03-19,217,3,1000
2020-03-19,218,2,10
2020-03-19,219,2,100
2020-03-19,220,2,200
2020-03-19,221,1,100
2020-03-19,222,0,10
2020-03-19,223,0,50
2020-03-19,224,3,200
2020-03-19,225,3,15
2020-03-19,226,1,15
2020-03-19,227,1,1000
2020-03-19,228,0,15
2020-03-19,229,1,10
2020-03-19,230,2,50
2020-03-19,231,2,50
2020-03-19,232,3,200
2020-03-19,233,2,200
2020-03-19,234,1,10
2020-03-19,235,3,15
2020-03-19,236,3,10
2020-03-19,237,1,100
2020-03-19,238,1,100
2020-03-19,239,2,50
2020-03-19,240,1,15
2020-03-19,241,1,200
2020-03-19,242,2,1000
2020-03-19,243,1,100
2020-03-19,244,2,50
2020-03-19,245,2,200
2020-03-19,246,1,1000
2020-03-19,247,0,50
2020-03-19,248,2,100
2020-03-19,249,3,50
2020-03-19,250,2,50
2020-03-19,251,3,200
2020-03-19,252,3,15
2020-03-19,253,0,15
2020-03-19,254,2,100
2020-03-19,255,3,1000
2020-03-19,256,0,200
2020-03-19,257,3,15
2020-03-19,258,1,100
2020-03-19,259,0,50
2020-03-19,260,0,10
2020-03-19,261,1,100
2020-03-19,262,2,50
2020-03-19,263,2,50
2020-03-19,264,0,50
2020-03-19,265,0,15
2020-03-19,266,0,10
2020-03-19,267,1,15
2020-03-19,268,1,100
2020-03-19,269,0,100
2020-03-19,270,3,10
2020-03-19,271,2,100
2020-03-19,272,1,100
2020-03-19,273,0,10
2020-03-19,274,2,10
2020-03-19,275,2,10
2020-03-19,276,0,1000
2020-03-19,277,2,1000
2020-03-19,278,2,100
2020-03-19,279,3,1000
2020-03-19,280,3,10
2020-03-19,281,1,100
2020-03-19,282,0,200
2020-03-19,283,1,1000
2020-03-19,284,0,1000
2020-03-19,285,0,50
2020-03-19,286,3,50
2020-03-19,287,0,15
2020-03-19,288,1,50
2020-03-19,289,1,200
2020-03-19,290,3,100
2020-03-19,291,0,15
2020-03-19,292,1,10
2020-03-19,293,1,100
2020-03-19,294,0,15
2020-03-19,295,2,200
2020-03-19,296,0,15
2020-03-19,297,1,100
2020-03-19,298,2,10
2020-03-19,299,0,200
2020-03-19,300,0,15
2020-03-19,301,3,50
2020-03-19,302,0,100
2020-03-19,303,1,50
2020-03-19,304,0,100
2020-03-19,305,1,15
2020-03-19,306,1,1000
2020-03-19,307,3,15
2020-03-19,308,3,1000
2020-03-19,309,2,15
2020-03-19,310,2,200
2020-03-19,311,1,10
2020-03-19,312,2,200
2020-03-19,313,2,15
2020-03-19,314,1,15
2020-03-19,315,0,100
2020-03-19,316,3,200
2020-03-19,317,0,1000
2020-03-19,318,1,100
2020-03-19,319,2,200
2020-03-19,320,2,15
2020-03-19,321,0,100
2020-03-19,322,3,1000
2020-03-19,323,3,15
2020-03-19,324,0,100
2020-03-19,325,3,50
2020-03-19,326,2,200
2020-03-19,327,2,1000
2020-03-19,328,0,100
2020-03-19,329,3,200
2020-03-19,330,1,200
2020-03-19,331,2,200
2020-03-19,332,0,50
2020-03-19,333,3,15
2020-03-19,334,3,50
2020-03-19,335,0,15
2020-03-19,336,0,200
2020-03-19,337,3,1000
2020-03-19,338,2,15
2020-03-19,339,1,15
2020-03-19,340,1,10
2020-03-19,341,3,15
2020-03-19,342,3,10
2020-03-19,343,2,15
2020-03-19,344,2,50
2020-03-19,345,1,50
2020-03-19,346,3,50
2020-03-19,347,2,50
2020-03-19,348,0,100
2020-03-19,349,2,200
2020-03-19,350,0,50
2020-03-19,351,0,1000
2020-03-19,352,1,15
2020-03-19,353,3,15
2020-03-19,354,3,1000
2020-03-19,355,0,50
2020-03-19,356,3,15
2020-03-19,357,0,200
2020-03-19,358,2,1000
2020-03-19,359,0,200
2020-03-19,360,2,200
2020-03-19,361,0,200
2020-03-19,362,3,15
2020-03-19,363,0,200
2020-03-19,364,2,200
2020-03-19,365,1,200
2020-03-19,366,2,15
2020-03-19,367,0,100
2020-03-19,368,1,1000
2020-03-19,369,3,50
2020-03-19,370,0,100
2020-03-19,371,1,10
2020-03-19,372,2,1000
2020-03-19,373,1,50
2020-03-19,374,3,50
2020-03-19,375,0,10
2020-03-19,376,1,50
2020-03-19,377,3,200
2020-03-19,378,1,50
2020-03-19,379,3,200
2020-03-19,380,2,200
2020-03-19,381,1,50
2020-03-19,382,2,15
2020-03-19,383,0,50
2020-03-19,384,3,15
2020-03-19,385,3,100
2020-03-19,386,0,10
2020-03-19,387,0,100
2020-03-19,388,3,15
2020-03-19,389,2,100
2020-03-19,390,2,1000
2020-03-19,391,1,15
2020-03-19,392,0,50
2020-03-19,393,2,200
2020-03-19,394,3,200
2020-03-19,395,2,10
2020-03-19,396,0,100
2020-03-19,397,3,200
2020-03-19,398,1,10
2020-03-19,399,2,100
2020-03-19,400,3,1000
2020-03-19,401,3,200
2020-03-19,402,1,50
2020-03-19,403,0,1000
2020-03-19,404,1,200
2020-03-19,405,1,200
2020-03-19,406,0,50
2020-03-19,407,0,200
2020-03-19,408,2,100
2020-03-19,409,1,200
2020-03-19,410,3,10
2020-03-19,411,2,50
2020-03-19,412,2,1000
2020-03-19,413,2,10
2020-03-19,414,0,50
2020-03-19,415,1,50
2020-03-19,416,0,200
2020-03-19,417,2,10
2020-03-19,418,3,15
2020-03-19,419,0,200
2020-03-19,420,3,15
2020-03-19,421,3,1000
2020-03-19,422,3,200
2020-03-19,423,1,10
2020-03-19,424,0,10
2020-03-19,425,3,15
2020-03-19,426,3,50
2020-03-19,427,3,50
2020-03-19,428,2,200
2020-03-19,429,1,200
2020-03-19,430,1,10
2020-03-19,431,3,15
2020-03-19,432,2,50
2020-03-19,433,2,1000
2020-03-19,434,3,200
2020-03-19,435,0,1000
2020-03-19,436,0,1000
2020-03-19,437,0,50
2020-03-19,438,2,100
2020-03-19,439,3,1000
2020-03-19,440,2,50
2020-03-19,441,0,100
2020-03-19,442,2,15
2020-03-19,443,0,15
2020-03-19,444,1,100
2020-03-19,445,3,10
2020-03-19,446,1,50
2020-03-19,447,0,15
2020-03-19,448,0,50
2020-03-19,449,1,15
2020-03-19,450,1,50
2020-03-19,451,0,100
2020-03-19,452,1,50
2020-03-19,453,2,15
2020-03-19,454,0,100
2020-03-19,455,1,1000
2020-03-19,456,3,200
2020-03-19,457,0,50
2020-03-19,458,1,200
2020-03-19,459,2,100
2020-03-19,460,2,15
2020-03-19,461,3,50
2020-03-19,462,1,15
2020-03-19,463,1,100
2020-03-19,464,2,200
2020-03-19,465,3,200
2020-03-19,466,3,15
2020-03-19,467,2,15
2020-03-19,468,3,50
2020-03-19,469,1,200
2020-03-19,470,3,50
2020-03-19,471,1,200
2020-03-19,472,3,1000
2020-03-19,473,2,15
2020-03-19,474,1,10
2020-03-19,475,3,1000
2020-03-19,476,0,15
2020-03-19,477,3,200
2020-03-19,478,1,10
2020-03-19,479,1,1000
2020-03-19,480,3,15
2020-03-19,481,2,50
2020-03-19,482,0,50
2020-03-19,483,0,200
2020-03-19,484,3,200
2020-03-19,485,0,50
2020-03-19,486,0,100
2020-03-19,487,3,50
2020-03-19,488,0,200
2020-03-19,489,3,1000
2020-03-19,490,1,200
2020-03-19,491,1,50
2020-03-19,492,2,15
2020-03-19,493,0,10
2020-03-19,494,1,1000
2020-03-19,495,1,15
2020-03-19,496,1,1000
2020-03-19,497,2,15
2020-03-19,498,2,200
2020-03-19,499,2,100
2020-03-19,500,0,15
2020-03-19,501,1,100
2020-03-19,502,0,10
2020-03-19,503,0,50
2020-03-19,504,0,50
2020-03-19,505,0,10
2020-03-19,506,1,10
2020-03-19,507,0,1000
2020-03-19,508,0,15
2020-03-19,509,1,100
2020-03-19,510,3,15
2020-03-19,511,1,15
2020-03-19,512,3,10
2020-03-19,513,0,50
2020-03-19,514,0,15
2020-03-19,515,2,100
2020-03-19,516,3,200
2020-03-19,517,3,200
2020-03-19,518,2,15
2020-03-19,519,2,15
2020-03-19,520,2,15
2020-03-19,521,2,50
2020-03-19,522,1,100
2020-03-19,523,1,1000
2020-03-19,524,2,10
2020-03-19,525,0,200
2020-03-19,526,0,100
2020-03-19,527,0,1000
2020-03-19,528,3,15
2020-03-19,529,3,10
2020-03-19,530,3,15
2020-03-19,531,1,50
2020-03-19,532,0,100
2020-03-19,533,2,10
2020-03-19,534,1,10
2020-03-19,535,0,10
2020-03-19,536,0,1000
2020-03-19,537,0,50
2020-03-19,538,3,50
2020-03-19,539,3,15
2020-03-19,540,0,100
2020-03-19,541,2,10
2020-03-19,542,1,15
2020-03-19,543,2,200
2020-03-19,544,0,100
2020-03-19,545,1,10
2020-03-19,546,0,10
2020-03-19,547,2,1000
2020-03-19,548,0,1000
2020-03-19,549,3,100
2020-03-19,550,1,15
2020-03-19,551,0,15
2020-03-19,552,0,100
2020-03-19,553,3,10
2020-03-19,554,0,200
2020-03-19,555,3,15
2020-03-19,556,2,50
2020-03-19,557,3,1000
2020-03-19,558,3,100
2020-03-19,559,1,50
2020-03-19,560,3,100
2020-03-19,561,3,10
2020-03-19,562,1,10
2020-03-19,563,0,50
2020-03-19,564,1,200
2020-03-19,565,3,100
2020-03-19,566,3,1000
2020-03-19,567,2,15
2020-03-19,568,1,10
2020-03-19,569,3,100
2020-03-19,570,0,100
2020-03-19,571,3,200
2020-03-19,572,2,100
2020-03-19,573,3,15
2020-03-19,574,2,50
2020-03-19,575,0,1000
2020-03-19,576,1,15
2020-03-19,577,3,1000
2020-03-19,578,1,50
2020-03-19,579,1,15
2020-03-19,580,1,200
2020-03-19,581,2,15
2020-03-19,582,0,15
2020-03-19,583,2,15
2020-03-19,584,0,50
2020-03-19,585,2,200
2020-03-19,586,2,1000
2020-03-19,587,1,1000
2020-03-19,588,2,200
2020-03-19,589,0,10
2020-03-19,590,1,100
2020-03-19,591,1,200
2020-03-19,592,2,50
2020-03-19,593,0,200
2020-03-19,594,0,15
2020-03-19,595,2,200
2020-03-19,596,1,10
2020-03-19,597,2,1000
2020-03-19,598,2,10
2020-03-19,599,2,50
2020-03-19,600,3,200
2020-03-19,601,2,50
2020-03-19,602,2,15
2020-03-19,603,2,15
2020-03-19,604,3,10
2020-03-19,605,1,200
2020-03-19,606,0,1000
2020-03-19,607,1,1000
2020-03-19,608,2,15
2020-03-19,609,3,10
2020-03-19,610,1,1000
2020-03-19,611,0,1000
2020-03-19,612,0,1000
2020-03-19,613,3,200
2020-03-19,614,3,15
2020-03-19,615,1,15
2020-03-19,616,3,50
2020-03-19,617,3,50
2020-03-19,618,3,10
2020-03-19,619,2,15
2020-03-19,620,3,15
2020-03-19,621,2,50
2020-03-19,622,0,1000
2020-03-19,623,1,100
2020-03-19,624,0,100
2020-03-19,625,0,50
2020-03-19,626,3,1000
2020-03-19,627,2,50
2020-03-19,628,2,100
2020-03-19,629,1,15
2020-03-19,630,2,10
2020-03-19,631,1,200
2020-03-19,632,2,100
2020-03-19,633,2,200
2020-03-19,634,0,100
2020-03-19,635,2,50
2020-03-19,636,2,10
2020-03-19,637,3,100
2020-03-19,638,2,15
2020-03-19,639,2,10
2020-03-19,640,0,15
2020-03-19,641,0,200
2020-03-19,642,1,1000
2020-03-19,643,2,200
2020-03-19,644,0,15
2020-03-19,645,3,100
2020-03-19,646,2,10
2020-03-19,647,3,200
2020-03-19,648,1,100
2020-03-19,649,3,15
2020-03-19,650,3,50
2020-03-19,651,1,200
2020-03-19,652,3,100
2020-03-19,653,3,100
2020-03-19,654,0,1000
2020-03-19,655,3,1000
2020-03-19,656,2,200
2020-03-19,657,0,1000
2020-03-19,658,1,50
2020-03-19,659,2,15
2020-03-19,660,0,10
2020-03-19,661,1,1000
2020-03-19,662,1,15
2020-03-19,663,1,1000
2020-03-19,664,2,1000
2020-03-19,665,2,1000
2020-03-19,666,0,10
2020-03-19,667,2,10
2020-03-19,668,2,15
2020-03-19,669,2,10
2020-03-19,670,1,10
2020-03-19,671,2,15
2020-03-19,672,3,200
2020-03-19,673,0,100
2020-03-19,674,3,50
2020-03-19,675,1,100
2020-03-19,676,0,15
2020-03-19,677,0,50
2020-03-19,678,0,100
2020-03-19,679,3,100
2020-03-19,680,1,200
2020-03-19,681,1,100
2020-03-19,682,2,15
2020-03-19,683,1,100
2020-03-19,684,1,1000
2020-03-19,685,2,1000
2020-03-19,686,3,1000
2020-03-19,687,1,200
2020-03-19,688,1,15
2020-03-19,689,0,1000
2020-03-19,690,0,200
2020-03-19,691,2,50
2020-03-19,692,1,50
2020-03-19,693,2,200
2020-03-19,694,1,10
2020-03-19,695,2,15
2020-03-19,696,2,200
2020-03-19,697,2,15
2020-03-19,698,3,50
2020-03-19,699,2,15
2020-03-19,700,3,200
2020-03-19,701,2,200
2020-03-19,702,0,15
2020-03-19,703,0,1000
2020-03-19,704,3,15
2020-03-19,705,0,1000
2020-03-19,706,1,50
2020-03-19,707,3,200
2020-03-19,708,3,1000
2020-03-19,709,2,200
2020-03-19,710,3,10
2020-03-19,711,1,10
2020-03-19,712,0,1000
2020-03-19,713,0,50
2020-03-19,714,2,200
2020-03-19,715,0,1000
2020-03-19,716,0,200
2020-03-19,717,3,50
2020-03-19,718,2,200
2020-03-19,719,3,100
2020-03-19,720,2,200
2020-03-19,721,2,50
2020-03-19,722,2,1000
2020-03-19,723,3,100
2020-03-19,724,2,200
2020-03-19,725,2,50
2020-03-19,726,3,100
2020-03-19,727,3,50
2020-03-19,728,1,1000
2020-03-19,729,0,10
2020-03-19,730,3,1000
2020-03-19,731,0,100
2020-03-19,732,0,200
2020-03-19,733,3,1000
2020-03-19,734,3,200
2020-03-19,735,0,200
2020-03-19,736,2,15
2020-03-19,737,0,100
2020-03-19,738,3,200
2020-03-19,739,1,1000
2020-03-19,740,3,200
2020-03-19,741,1,10
2020-03-19,742,0,15
2020-03-19,743,2,10
2020-03-19,744,1,50
2020-03-19,745,3,1000
2020-03-19,746,1,1000
2020-03-19,747,1,100
2020-03-19,748,3,10
2020-03-19,749,3,15
2020-03-19,750,0,15
2020-03-19,751,3,1000
2020-03-19,752,2,15
2020-03-19,753,1,1000
2020-03-19,754,2,50
2020-03-19,755,2,50
2020-03-19,756,2,15
2020-03-19,757,0,1000
2020-03-19,758,3,200
2020-03-19,759,2,10
2020-03-19,760,2,100
2020-03-19,761,2,100
2020-03-19,762,0,200
2020-03-19,763,2,100
2020-03-19,764,0,50
2020-03-19,765,3,200
2020-03-19,766,1,1000
2020-03-19,767,2,1000
2020-03-19,768,2,15
2020-03-19,769,3,50
2020-03-19,770,1,1000
2020-03-19,771,2,15
2020-03-19,772,1,50
2020-03-19,773,3,10
2020-03-19,774,1,1000
2020-03-19,775,0,15
2020-03-19,776,3,10
2020-03-19,777,0,200
2020-03-19,778,0,100
2020-03-19,779,2,100
2020-03-19,780,3,10
2020-03-19,781,1,50
2020-03-19,782,1,1000
2020-03-19,783,1,10
2020-03-19,784,1,100
2020-03-19,785,0,1000
2020-03-19,786,3,15
2020-03-19,787,0,100
2020-03-19,788,2,200
2020-03-19,789,1,50
2020-03-19,790,1,15
2020-03-19,791,0,15
2020-03-19,792,3,10
2020-03-19,793,0,1000
2020-03-19,794,1,100
2020-03-19,795,1,50
2020-03-19,796,1,15
2020-03-19,797,0,100
2020-03-19,798,0,100
2020-03-19,799,1,200
2020-03-19,800,3,50
2020-03-19,801,1,50
2020-03-19,802,1,50
2020-03-19,803,0,15
2020-03-19,804,1,15
2020-03-19,805,3,10
2020-03-19,806,1,1000
2020-03-19,807,3,100
2020-03-19,808,0,15
2020-03-19,809,0,100
2020-03-19,810,1,50
2020-03-19,811,3,15
2020-03-19,812,2,15
2020-03-19,813,2,50
2020-03-19,814,1,100
2020-03-19,815,3,10
2020-03-19,816,1,10
2020-03-19,817,1,1000
2020-03-19,818,2,100
2020-03-19,819,2,50
2020-03-19,820,0,100
2020-03-19,821,1,200
2020-03-19,822,2,200
2020-03-19,823,2,200
2020-03-19,824,3,1000
2020-03-19,825,1,1000
2020-03-19,826,1,15
2020-03-19,827,3,15
2020-03-19,828,1,15
2020-03-19,829,0,10
2020-03-19,830,3,15
2020-03-19,831,2,15
2020-03-19,832,3,50
2020-03-19,833,0,10
2020-03-19,834,3,200
2020-03-19,835,3,10
2020-03-19,836,3,15
2020-03-19,837,1,1000
2020-03-19,838,3,10
2020-03-19,839,0,10
2020-03-19,840,1,200
2020-03-19,841,1,200
2020-03-19,842,2,100
2020-03-19,843,0,200
2020-03-19,844,3,200
2020-03-19,845,0,200
2020-03-19,846,1,100
2020-03-19,847,3,200
2020-03-19,848,0,50
2020-03-19,849,0,200
2020-03-19,850,3,100
2020-03-19,851,2,100
2020-03-19,852,1,15
2020-03-19,853,1,200
2020-03-19,854,3,200
2020-03-19,855,1,50
2020-03-19,856,2,200
2020-03-19,857,2,100
2020-03-19,858,1,50
2020-03-19,859,3,100
2020-03-19,860,3,100
2020-03-19,861,3,50
2020-03-19,862,1,50
2020-03-19,863,2,50
2020-03-19,864,3,10
2020-03-19,865,0,15
2020-03-19,866,3,200
2020-03-19,867,1,15
2020-03-19,868,0,50
2020-03-19,869,2,10
2020-03-19,870,2,1000
2020-03-19,871,1,10
2020-03-19,872,2,15
2020-03-19,873,0,50
2020-03-19,874,1,50
2020-03-19,875,2,10
2020-03-19,876,3,1000
2020-03-19,877,1,15
2020-03-19,878,2,1000
2020-03-19,879,3,100
2020-03-19,880,2,1000
2020-03-19,881,1,50
2020-03-19,882,1,200
2020-03-19,883,0,100
2020-03-19,884,3,10
2020-03-19,885,1,15
2020-03-19,886,3,50
2020-03-19,887,2,200
2020-03-19,888,2,15
2020-03-19,889,1,200
2020-03-19,890,0,10
2020-03-19,891,0,50
2020-03-19,892,0,1000
2020-03-19,893,2,100
2020-03-19,894,0,10
2020-03-19,895,2,1000
2020-03-19,896,2,10
2020-03-19,897,1,1000
2020-03-19,898,1,15
2020-03-19,899,0,50
2020-03-19,900,0,10
2020-03-19,901,2,200
2020-03-19,902,2,100
2020-03-19,903,3,100
2020-03-19,904,3,200
2020-03-19,905,3,15
2020-03-19,906,1,15
2020-03-19,907,0,200
2020-03-19,908,2,100
2020-03-19,909,0,1000
2020-03-19,910,0,15
2020-03-19,911,3,200
2020-03-19,912,0,1000
2020-03-19,913,0,50
2020-03-19,914,3,100
2020-03-19,915,2,50
2020-03-19,916,0,100
2020-03-19,917,3,15
2020-03-19,918,3,10
2020-03-19,919,3,15
2020-03-19,920,1,1000
2020-03-19,921,2,200
2020-03-19,922,2,15
2020-03-19,923,2,10
2020-03-19,924,0,200
2020-03-19,925,3,100
2020-03-19,926,1,200
2020-03-19,927,0,15
2020-03-19,928,2,1000
2020-03-19,929,3,10
2020-03-19,930,2,200
2020-03-19,931,2,15
2020-03-19,932,0,15
2020-03-19,933,3,100
2020-03-19,934,0,1000
2020-03-19,935,3,1000
2020-03-19,936,3,15
2020-03-19,937,0,10
2020-03-19,938,1,100
2020-03-19,939,0,200
2020-03-19,940,3,1000
2020-03-19,941,2,50
2020-03-19,942,1,10
2020-03-19,943,2,200
2020-03-19,944,1,50
2020-03-19,945,3,15
2020-03-19,946,2,200
2020-03-19,947,1,15
2020-03-19,948,3,15
2020-03-19,949,3,100
2020-03-19,950,0,15
2020-03-19,951,1,200
2020-03-19,952,1,100
2020-03-19,953,0,1000
2020-03-19,954,2,10
2020-03-19,955,2,200
2020-03-19,956,2,10
2020-03-19,957,3,1000
2020-03-19,958,0,100
2020-03-19,959,0,10
2020-03-19,960,0,1000
2020-03-19,961,2,50
2020-03-19,962,0,1000
2020-03-19,963,3,15
2020-03-19,964,0,50
2020-03-19,965,1,100
2020-03-19,966,1,100
2020-03-19,967,1,1000
2020-03-19,968,3,1000
2020-03-19,969,0,200
2020-03-19,970,2,100
2020-03-19,971,2,10
2020-03-19,972,3,100
2020-03-19,973,2,100
2020-03-19,974,3,100
2020-03-19,975,2,1000
2020-03-19,976,1,100
2020-03-19,977,0,10
2020-03-19,978,3,10
2020-03-19,979,2,100
2020-03-19,980,2,10
2020-03-19,981,3,10
2020-03-19,982,2,50
2020-03-19,983,2,100
2020-03-19,984,2,100
2020-03-19,985,2,1000
2020-03-19,986,2,50
2020-03-19,987,1,50
2020-03-19,988,2,100
2020-03-19,989,1,50
2020-03-19,990,0,100
2020-03-19,991,3,200
2020-03-19,992,0,10
2020-03-19,993,3,100
2020-03-19,994,3,100
2020-03-19,995,3,100
2020-03-19,996,0,15
2020-03-19,997,0,1000
2020-03-19,998,1,10
2020-03-19,999,0,50
2020-03-19,1000,1,10
2020-03-19,1001,2,200
2020-03-19,1002,0,15
2020-03-19,1003,3,1000
2020-03-19,1004,2,15
2020-03-19,1005,1,10
2020-03-19,1006,1,100
2020-03-19,1007,1,100
2020-03-19,1008,2,200
2020-03-19,1009,2,1000
2020-03-19,1010,3,15
2020-03-19,1011,1,200
2020-03-19,1012,0,1000
2020-03-19,1013,0,1000
2020-03-19,1014,3,1000
2020-03-19,1015,2,50
2020-03-19,1016,2,10
2020-03-19,1017,2,15
2020-03-19,1018,1,1000
2020-03-19,1019,0,50
2020-03-19,1020,2,200
2020-03-19,1021,0,1000
2020-03-19,1022,2,10
2020-03-19,1023,0,15
2020-03-19,1024,1,10
2020-03-19,1025,2,15
2020-03-19,1026,2,100
2020-03-19,1027,0,200
2020-03-19,1028,0,10
2020-03-19,1029,0,10
2020-03-19,1030,1,15
2020-03-19,1031,3,200
2020-03-19,1032,3,50
2020-03-19,1033,3,100
2020-03-19,1034,2,50
2020-03-19,1035,3,200
2020-03-19,1036,3,15
2020-03-19,1037,1,10
2020-03-19,1038,0,50
2020-03-19,1039,2,100
2020-03-19,1040,2,15
2020-03-19,1041,2,1000
2020-03-19,1042,3,50
2020-03-19,1043,1,100
2020-03-19,1044,0,200
2020-03-19,1045,3,200
2020-03-19,1046,1,1000
2020-03-19,1047,3,100
2020-03-19,1048,3,50
2020-03-19,1049,0,1000
2020-03-19,1050,0,200
2020-03-19,1051,2,1000
2020-03-19,1052,3,100
2020-03-19,1053,2,200
2020-03-19,1054,3,1000
2020-03-19,1055,1,10
2020-03-19,1056,3,15
2020-03-19,1057,1,15
2020-03-19,1058,3,200
2020-03-19,1059,0,50
2020-03-19,1060,2,10
2020-03-19,1061,1,15
2020-03-19,1062,0,1000
2020-03-19,1063,2,10
2020-03-19,1064,3,50
2020-03-19,1065,3,15
2020-03-19,1066,3,10
2020-03-19,1067,3,1000
2020-03-19,1068,2,200
2020-03-19,1069,1,50
2020-03-19,1070,1,50
2020-03-19,1071,3,100
2020-03-19,1072,2,200
2020-03-19,1073,1,1000
2020-03-19,1074,2,200
2020-03-19,1075,1,50
2020-03-19,1076,1,50
2020-03-19,1077,1,1000
2020-03-19,1078,0,1000
2020-03-19,1079,1,50
2020-03-19,1080,3,1000
2020-03-19,1081,1,1000
2020-03-19,1082,3,15
2020-03-19,1083,0,50
2020-03-19,1084,0,50
2020-03-19,1085,3,15
2020-03-19,1086,2,15
2020-03-19,1087,2,200
2020-03-19,1088,0,50
2020-03-19,1089,2,1000
2020-03-19,1090,3,15
2020-03-19,1091,1,100
2020-03-19,1092,0,1000
2020-03-19,1093,1,200
2020-03-19,1094,2,200
2020-03-19,1095,3,50
2020-03-19,1096,1,100
2020-03-19,1097,1,1000
2020-03-19,1098,0,50
2020-03-19,1099,3,1000
